   3.0902e-01   5.8779e-01   8.0902e-01   9.5106e-01   1.0000e+00   9.5106e-01   8.0902e-01   5.8779e-01   3.0902e-01
   5.8779e-01   9.5106e-01   9.5106e-01   5.8779e-01   1.2246e-16  -5.8779e-01  -9.5106e-01  -9.5106e-01  -5.8779e-01
   8.0902e-01   9.5106e-01   3.0902e-01  -5.8779e-01  -1.0000e+00  -5.8779e-01   3.0902e-01   9.5106e-01   8.0902e-01
   9.5106e-01   5.8779e-01  -5.8779e-01  -9.5106e-01  -2.4493e-16   9.5106e-01   5.8779e-01  -5.8779e-01  -9.5106e-01
   1.0000e+00   1.2246e-16  -1.0000e+00  -2.4493e-16   1.0000e+00   3.6739e-16  -1.0000e+00  -4.8986e-16   1.0000e+00
   9.5106e-01  -5.8779e-01  -5.8779e-01   9.5106e-01   3.6739e-16  -9.5106e-01   5.8779e-01   5.8779e-01  -9.5106e-01
   8.0902e-01  -9.5106e-01   3.0902e-01   5.8779e-01  -1.0000e+00   5.8779e-01   3.0902e-01  -9.5106e-01   8.0902e-01
   5.8779e-01  -9.5106e-01   9.5106e-01  -5.8779e-01  -4.8986e-16   5.8779e-01  -9.5106e-01   9.5106e-01  -5.8779e-01
   3.0902e-01  -5.8779e-01   8.0902e-01  -9.5106e-01   1.0000e+00  -9.5106e-01   8.0902e-01  -5.8779e-01   3.0902e-01

