   1.3820e-01   2.6287e-01  -3.6180e-01   4.2533e-01   4.4721e-01   4.2533e-01  -3.6180e-01   2.6287e-01   1.3820e-01
   2.6287e-01   4.2533e-01  -4.2533e-01   2.6287e-01  -3.6369e-12  -2.6287e-01   4.2533e-01  -4.2533e-01  -2.6287e-01
   3.6180e-01   4.2533e-01  -1.3820e-01  -2.6287e-01  -4.4721e-01  -2.6287e-01  -1.3820e-01   4.2533e-01   3.6180e-01
   4.2533e-01   2.6287e-01   2.6287e-01  -4.2533e-01   5.5828e-12   4.2533e-01  -2.6287e-01  -2.6287e-01  -4.2533e-01
   4.4721e-01   1.4954e-13   4.4721e-01   1.0036e-12   4.4721e-01  -6.3639e-12   4.4721e-01  -3.6384e-14   4.4721e-01
   4.2533e-01  -2.6287e-01   2.6287e-01   4.2533e-01  -6.1178e-12  -4.2533e-01  -2.6287e-01   2.6287e-01  -4.2533e-01
   3.6180e-01  -4.2533e-01  -1.3820e-01   2.6287e-01  -4.4721e-01   2.6287e-01  -1.3820e-01  -4.2533e-01   3.6180e-01
   2.6287e-01  -4.2533e-01  -4.2533e-01  -2.6287e-01   4.4999e-12   2.6287e-01   4.2533e-01   4.2533e-01  -2.6287e-01
   1.3820e-01  -2.6287e-01  -3.6180e-01  -4.2533e-01   4.4721e-01  -4.2533e-01  -3.6180e-01  -2.6287e-01   1.3820e-01

