  -7.3625e-02  -1.8097e-01   1.9646e-01  -7.3625e-02   1.9961e-01  -1.5410e-01  -2.5067e-02   9.6351e-02  -1.9021e-01  -9.6351e-02  -1.8097e-01  -1.9021e-01  -1.1756e-01  -1.3691e-01  -1.3691e-01  -1.1756e-01   1.9646e-01  -1.1756e-01  -9.6351e-02  -4.9738e-02   9.6351e-02   1.9646e-01  -1.5410e-01  -1.9961e-01  -4.9738e-02   1.6887e-01   1.6887e-01  -1.5410e-01   2.8792e-13  -4.9738e-02   1.9021e-01  -1.6887e-01   2.5067e-02  -2.5067e-02   4.9738e-02   1.3691e-01  -1.5410e-01  -1.9021e-01   1.1756e-01   2.5067e-02  -1.8097e-01  -1.9961e-01  -1.9961e-01  -1.8097e-01  -1.3691e-01   7.3625e-02   7.3625e-02  -1.9646e-01   1.6887e-01
   1.9961e-01  -1.9646e-01   1.3691e-01   1.9961e-01  -4.9738e-02  -7.3625e-02   9.6351e-02   1.8097e-01   1.9021e-01  -1.8097e-01  -1.9646e-01   1.9021e-01   1.1756e-01  -2.5067e-02  -2.5067e-02   1.1756e-01   1.3691e-01   1.1756e-01  -1.8097e-01  -1.6887e-01   1.8097e-01   1.3691e-01  -7.3625e-02   4.9738e-02  -1.6887e-01  -1.5410e-01  -1.5410e-01  -7.3625e-02   7.9152e-14  -1.6887e-01  -1.9021e-01   1.5410e-01  -9.6351e-02   9.6351e-02   1.6887e-01   2.5067e-02  -7.3625e-02   1.9021e-01  -1.1756e-01  -9.6351e-02  -1.9646e-01   4.9738e-02   4.9738e-02  -1.9646e-01  -2.5067e-02  -1.9961e-01  -1.9961e-01  -1.3691e-01  -1.5410e-01
  -1.8097e-01   4.9738e-02  -1.6887e-01  -1.8097e-01  -1.9646e-01  -9.6351e-02  -7.3625e-02   1.9961e-01   1.1756e-01  -1.9961e-01   4.9738e-02   1.1756e-01  -1.9021e-01  -1.5410e-01  -1.5410e-01  -1.9021e-01  -1.6887e-01  -1.9021e-01  -1.9961e-01  -1.3691e-01   1.9961e-01  -1.6887e-01  -9.6351e-02   1.9646e-01  -1.3691e-01   2.5067e-02   2.5067e-02  -9.6351e-02   6.3851e-13  -1.3691e-01  -1.1756e-01  -2.5067e-02   7.3625e-02  -7.3625e-02   1.3691e-01   1.5410e-01  -9.6351e-02   1.1756e-01   1.9021e-01   7.3625e-02   4.9738e-02   1.9646e-01   1.9646e-01   4.9738e-02  -1.5410e-01   1.8097e-01   1.8097e-01   1.6887e-01   2.5067e-02
   9.6351e-02   1.9961e-01   4.9738e-02   9.6351e-02   1.8097e-01  -2.5067e-02   1.5410e-01   7.3625e-02   1.1756e-01  -7.3625e-02   1.9961e-01   1.1756e-01  -1.9021e-01  -1.6887e-01  -1.6887e-01  -1.9021e-01   4.9738e-02  -1.9021e-01  -7.3625e-02   1.9646e-01   7.3625e-02   4.9738e-02  -2.5067e-02  -1.8097e-01   1.9646e-01  -1.3691e-01  -1.3691e-01  -2.5067e-02   7.3837e-13   1.9646e-01  -1.1756e-01   1.3691e-01  -1.5410e-01   1.5410e-01  -1.9646e-01   1.6887e-01  -2.5067e-02   1.1756e-01   1.9021e-01  -1.5410e-01   1.9961e-01  -1.8097e-01  -1.8097e-01   1.9961e-01  -1.6887e-01  -9.6351e-02  -9.6351e-02  -4.9738e-02  -1.3691e-01
   1.3691e-01   1.5410e-01  -7.3625e-02   1.3691e-01   2.5067e-02   1.9646e-01   4.9738e-02   1.6887e-01  -1.1756e-01  -1.6887e-01   1.5410e-01  -1.1756e-01   1.9021e-01  -1.9961e-01  -1.9961e-01   1.9021e-01  -7.3625e-02   1.9021e-01  -1.6887e-01  -9.6351e-02   1.6887e-01  -7.3625e-02   1.9646e-01  -2.5067e-02  -9.6351e-02   1.8097e-01   1.8097e-01   1.9646e-01  -7.0983e-13  -9.6351e-02   1.1756e-01  -1.8097e-01  -4.9738e-02   4.9738e-02   9.6351e-02   1.9961e-01   1.9646e-01  -1.1756e-01  -1.9021e-01  -4.9738e-02   1.5410e-01  -2.5067e-02  -2.5067e-02   1.5410e-01  -1.9961e-01  -1.3691e-01  -1.3691e-01   7.3625e-02   1.8097e-01
  -1.9021e-01   1.1756e-01   1.1756e-01  -1.9021e-01   1.9021e-01   1.9021e-01  -1.1756e-01   1.1756e-01  -3.2607e-13  -1.1756e-01   1.1756e-01  -8.9369e-14  -8.2592e-13   1.1756e-01   1.1756e-01   4.7170e-12   1.1756e-01  -3.1086e-13  -1.1756e-01  -1.9021e-01   1.1756e-01   1.1756e-01   1.9021e-01  -1.9021e-01  -1.9021e-01  -1.9021e-01  -1.9021e-01   1.9021e-01   4.2879e-13  -1.9021e-01   9.9219e-13   1.9021e-01   1.1756e-01  -1.1756e-01   1.9021e-01  -1.1756e-01   1.9021e-01   6.7570e-13  -5.8441e-12   1.1756e-01   1.1756e-01  -1.9021e-01  -1.9021e-01   1.1756e-01   1.1756e-01   1.9021e-01   1.9021e-01  -1.1756e-01  -1.9021e-01
   1.9646e-01  -1.6887e-01  -1.5410e-01   1.9646e-01   1.3691e-01   1.8097e-01  -1.9961e-01   4.9738e-02   1.1756e-01  -4.9738e-02  -1.6887e-01   1.1756e-01  -1.9021e-01   7.3625e-02   7.3625e-02  -1.9021e-01  -1.5410e-01  -1.9021e-01  -4.9738e-02   2.5067e-02   4.9738e-02  -1.5410e-01   1.8097e-01  -1.3691e-01   2.5067e-02   9.6351e-02   9.6351e-02   1.8097e-01   2.1720e-13   2.5067e-02  -1.1756e-01  -9.6351e-02   1.9961e-01  -1.9961e-01  -2.5067e-02  -7.3625e-02   1.8097e-01   1.1756e-01   1.9021e-01   1.9961e-01  -1.6887e-01  -1.3691e-01  -1.3691e-01  -1.6887e-01   7.3625e-02  -1.9646e-01  -1.9646e-01   1.5410e-01   9.6351e-02
  -4.9738e-02  -1.3691e-01   2.5067e-02  -4.9738e-02  -1.6887e-01   1.9961e-01   1.8097e-01   1.9646e-01  -1.9021e-01  -1.9646e-01  -1.3691e-01  -1.9021e-01  -1.1756e-01   9.6351e-02   9.6351e-02  -1.1756e-01   2.5067e-02  -1.1756e-01  -1.9646e-01   1.5410e-01   1.9646e-01   2.5067e-02   1.9961e-01   1.6887e-01   1.5410e-01  -7.3625e-02  -7.3625e-02   1.9961e-01   3.0440e-13   1.5410e-01   1.9021e-01   7.3625e-02  -1.8097e-01   1.8097e-01  -1.5410e-01  -9.6351e-02   1.9961e-01  -1.9021e-01   1.1756e-01  -1.8097e-01  -1.3691e-01   1.6887e-01   1.6887e-01  -1.3691e-01   9.6351e-02   4.9738e-02   4.9738e-02  -2.5067e-02  -7.3625e-02
   1.5410e-01   9.6351e-02  -1.8097e-01   1.5410e-01   7.3625e-02  -1.6887e-01   1.3691e-01   2.5067e-02  -1.9021e-01  -2.5067e-02   9.6351e-02  -1.9021e-01  -1.1756e-01   1.9646e-01   1.9646e-01  -1.1756e-01  -1.8097e-01  -1.1756e-01  -2.5067e-02  -1.9961e-01   2.5067e-02  -1.8097e-01  -1.6887e-01  -7.3625e-02  -1.9961e-01  -4.9738e-02  -4.9738e-02  -1.6887e-01   1.8333e-13  -1.9961e-01   1.9021e-01   4.9738e-02  -1.3691e-01   1.3691e-01   1.9961e-01  -1.9646e-01  -1.6887e-01  -1.9021e-01   1.1756e-01  -1.3691e-01   9.6351e-02  -7.3625e-02  -7.3625e-02   9.6351e-02   1.9646e-01  -1.5410e-01  -1.5410e-01   1.8097e-01  -4.9738e-02
  -1.6887e-01  -2.5067e-02  -9.6351e-02  -1.6887e-01   1.5410e-01  -4.9738e-02   1.9646e-01   1.3691e-01   1.9021e-01  -1.3691e-01  -2.5067e-02   1.9021e-01   1.1756e-01   1.8097e-01   1.8097e-01   1.1756e-01  -9.6351e-02   1.1756e-01  -1.3691e-01   7.3625e-02   1.3691e-01  -9.6351e-02  -4.9738e-02  -1.5410e-01   7.3625e-02   1.9961e-01   1.9961e-01  -4.9738e-02  -8.8720e-13   7.3625e-02  -1.9021e-01  -1.9961e-01  -1.9646e-01   1.9646e-01  -7.3625e-02  -1.8097e-01  -4.9738e-02   1.9021e-01  -1.1756e-01  -1.9646e-01  -2.5067e-02  -1.5410e-01  -1.5410e-01  -2.5067e-02   1.8097e-01   1.6887e-01   1.6887e-01   9.6351e-02   1.9961e-01
  -2.5067e-02  -7.3625e-02  -1.9961e-01  -2.5067e-02   9.6351e-02  -1.3691e-01  -1.6887e-01   1.5410e-01  -1.1756e-01  -1.5410e-01  -7.3625e-02  -1.1756e-01   1.9021e-01  -4.9738e-02  -4.9738e-02   1.9021e-01  -1.9961e-01   1.9021e-01  -1.5410e-01   1.8097e-01   1.5410e-01  -1.9961e-01  -1.3691e-01  -9.6351e-02   1.8097e-01  -1.9646e-01  -1.9646e-01  -1.3691e-01  -2.0857e-13   1.8097e-01   1.1756e-01   1.9646e-01   1.6887e-01  -1.6887e-01  -1.8097e-01   4.9738e-02  -1.3691e-01  -1.1756e-01  -1.9021e-01   1.6887e-01  -7.3625e-02  -9.6351e-02  -9.6351e-02  -7.3625e-02  -4.9738e-02   2.5067e-02   2.5067e-02   1.9961e-01  -1.9646e-01
   1.1756e-01   1.9021e-01   1.9021e-01   1.1756e-01  -1.1756e-01  -1.1756e-01  -1.9021e-01   1.9021e-01  -6.5095e-13  -1.9021e-01   1.9021e-01  -3.2434e-13  -1.4888e-14   1.9021e-01   1.9021e-01   1.2223e-11   1.9021e-01   7.1032e-13  -1.9021e-01   1.1756e-01   1.9021e-01   1.9021e-01  -1.1756e-01   1.1756e-01   1.1756e-01   1.1756e-01   1.1756e-01  -1.1756e-01  -3.7213e-13   1.1756e-01  -1.4916e-12  -1.1756e-01   1.9021e-01  -1.9021e-01  -1.1756e-01  -1.9021e-01  -1.1756e-01   1.3530e-12   6.1204e-14   1.9021e-01   1.9021e-01   1.1756e-01   1.1756e-01   1.9021e-01   1.9021e-01  -1.1756e-01  -1.1756e-01  -1.9021e-01   1.1756e-01
  -1.1756e-01   1.9021e-01   1.9021e-01   1.1756e-01   1.1756e-01  -1.1756e-01   1.9021e-01   1.9021e-01   1.2794e-12   1.9021e-01  -1.9021e-01   3.1002e-13  -1.1830e-12  -1.9021e-01   1.9021e-01  -1.4433e-11  -1.9021e-01  -3.0981e-13  -1.9021e-01  -1.1756e-01  -1.9021e-01  -1.9021e-01   1.1756e-01   1.1756e-01   1.1756e-01   1.1756e-01  -1.1756e-01   1.1756e-01   3.5100e-13   1.1756e-01   1.2621e-12   1.1756e-01   1.9021e-01  -1.9021e-01   1.1756e-01  -1.9021e-01  -1.1756e-01  -1.5284e-12   5.5904e-12  -1.9021e-01   1.9021e-01  -1.1756e-01   1.1756e-01  -1.9021e-01  -1.9021e-01   1.1756e-01  -1.1756e-01  -1.9021e-01   1.1756e-01
   2.5067e-02  -7.3625e-02  -1.9961e-01  -2.5067e-02  -9.6351e-02  -1.3691e-01   1.6887e-01   1.5410e-01  -1.1756e-01   1.5410e-01   7.3625e-02   1.1756e-01  -1.9021e-01   4.9738e-02  -4.9738e-02   1.9021e-01   1.9961e-01  -1.9021e-01  -1.5410e-01  -1.8097e-01  -1.5410e-01   1.9961e-01   1.3691e-01  -9.6351e-02   1.8097e-01  -1.9646e-01   1.9646e-01   1.3691e-01   2.1855e-13   1.8097e-01  -1.1756e-01  -1.9646e-01   1.6887e-01  -1.6887e-01   1.8097e-01   4.9738e-02  -1.3691e-01  -1.1756e-01  -1.9021e-01  -1.6887e-01  -7.3625e-02   9.6351e-02  -9.6351e-02   7.3625e-02   4.9738e-02  -2.5067e-02   2.5067e-02   1.9961e-01  -1.9646e-01
   1.6887e-01  -2.5067e-02  -9.6351e-02  -1.6887e-01  -1.5410e-01  -4.9738e-02  -1.9646e-01   1.3691e-01   1.9021e-01   1.3691e-01   2.5067e-02  -1.9021e-01  -1.1756e-01  -1.8097e-01   1.8097e-01   1.1756e-01   9.6351e-02  -1.1756e-01  -1.3691e-01  -7.3625e-02  -1.3691e-01   9.6351e-02   4.9738e-02  -1.5410e-01   7.3625e-02   1.9961e-01  -1.9961e-01   4.9738e-02   7.8874e-13   7.3625e-02   1.9021e-01   1.9961e-01  -1.9646e-01   1.9646e-01   7.3625e-02  -1.8097e-01  -4.9738e-02   1.9021e-01  -1.1756e-01   1.9646e-01  -2.5067e-02   1.5410e-01  -1.5410e-01   2.5067e-02  -1.8097e-01  -1.6887e-01   1.6887e-01   9.6351e-02   1.9961e-01
   4.9738e-02  -1.3691e-01   2.5067e-02  -4.9738e-02   1.6887e-01   1.9961e-01  -1.8097e-01   1.9646e-01  -1.9021e-01   1.9646e-01   1.3691e-01   1.9021e-01   1.1756e-01  -9.6351e-02   9.6351e-02  -1.1756e-01  -2.5067e-02   1.1756e-01  -1.9646e-01  -1.5410e-01  -1.9646e-01  -2.5067e-02  -1.9961e-01   1.6887e-01   1.5410e-01  -7.3625e-02   7.3625e-02  -1.9961e-01  -5.6664e-13   1.5410e-01  -1.9021e-01  -7.3625e-02  -1.8097e-01   1.8097e-01   1.5410e-01  -9.6351e-02   1.9961e-01  -1.9021e-01   1.1756e-01   1.8097e-01  -1.3691e-01  -1.6887e-01   1.6887e-01   1.3691e-01  -9.6351e-02  -4.9738e-02   4.9738e-02  -2.5067e-02  -7.3625e-02
  -9.6351e-02   1.9961e-01   4.9738e-02   9.6351e-02  -1.8097e-01  -2.5067e-02  -1.5410e-01   7.3625e-02   1.1756e-01   7.3625e-02  -1.9961e-01  -1.1756e-01   1.9021e-01   1.6887e-01  -1.6887e-01  -1.9021e-01  -4.9738e-02   1.9021e-01  -7.3625e-02  -1.9646e-01  -7.3625e-02  -4.9738e-02   2.5067e-02  -1.8097e-01   1.9646e-01  -1.3691e-01   1.3691e-01   2.5067e-02  -1.0530e-12   1.9646e-01   1.1756e-01  -1.3691e-01  -1.5410e-01   1.5410e-01   1.9646e-01   1.6887e-01  -2.5067e-02   1.1756e-01   1.9021e-01   1.5410e-01   1.9961e-01   1.8097e-01  -1.8097e-01  -1.9961e-01   1.6887e-01   9.6351e-02  -9.6351e-02  -4.9738e-02  -1.3691e-01
  -1.9646e-01  -1.6887e-01  -1.5410e-01   1.9646e-01  -1.3691e-01   1.8097e-01   1.9961e-01   4.9738e-02   1.1756e-01   4.9738e-02   1.6887e-01  -1.1756e-01   1.9021e-01  -7.3625e-02   7.3625e-02  -1.9021e-01   1.5410e-01   1.9021e-01  -4.9738e-02  -2.5067e-02  -4.9738e-02   1.5410e-01  -1.8097e-01  -1.3691e-01   2.5067e-02   9.6351e-02  -9.6351e-02  -1.8097e-01  -2.4700e-13   2.5067e-02   1.1756e-01   9.6351e-02   1.9961e-01  -1.9961e-01   2.5067e-02  -7.3625e-02   1.8097e-01   1.1756e-01   1.9021e-01  -1.9961e-01  -1.6887e-01   1.3691e-01  -1.3691e-01   1.6887e-01  -7.3625e-02   1.9646e-01  -1.9646e-01   1.5410e-01   9.6351e-02
  -1.3691e-01   1.5410e-01  -7.3625e-02   1.3691e-01  -2.5067e-02   1.9646e-01  -4.9738e-02   1.6887e-01  -1.1756e-01   1.6887e-01  -1.5410e-01   1.1756e-01  -1.9021e-01   1.9961e-01  -1.9961e-01   1.9021e-01   7.3625e-02  -1.9021e-01  -1.6887e-01   9.6351e-02  -1.6887e-01   7.3625e-02  -1.9646e-01  -2.5067e-02  -9.6351e-02   1.8097e-01  -1.8097e-01  -1.9646e-01   8.6718e-13  -9.6351e-02  -1.1756e-01   1.8097e-01  -4.9738e-02   4.9738e-02  -9.6351e-02   1.9961e-01   1.9646e-01  -1.1756e-01  -1.9021e-01   4.9738e-02   1.5410e-01   2.5067e-02  -2.5067e-02  -1.5410e-01   1.9961e-01   1.3691e-01  -1.3691e-01   7.3625e-02   1.8097e-01
  -1.9961e-01  -1.9646e-01   1.3691e-01   1.9961e-01   4.9738e-02  -7.3625e-02  -9.6351e-02   1.8097e-01   1.9021e-01   1.8097e-01   1.9646e-01  -1.9021e-01  -1.1756e-01   2.5067e-02  -2.5067e-02   1.1756e-01  -1.3691e-01  -1.1756e-01  -1.8097e-01   1.6887e-01  -1.8097e-01  -1.3691e-01   7.3625e-02   4.9738e-02  -1.6887e-01  -1.5410e-01   1.5410e-01   7.3625e-02   6.4901e-14  -1.6887e-01   1.9021e-01  -1.5410e-01  -9.6351e-02   9.6351e-02  -1.6887e-01   2.5067e-02  -7.3625e-02   1.9021e-01  -1.1756e-01   9.6351e-02  -1.9646e-01  -4.9738e-02   4.9738e-02   1.9646e-01   2.5067e-02   1.9961e-01  -1.9961e-01  -1.3691e-01  -1.5410e-01
  -1.5410e-01   9.6351e-02  -1.8097e-01   1.5410e-01  -7.3625e-02  -1.6887e-01  -1.3691e-01   2.5067e-02  -1.9021e-01   2.5067e-02  -9.6351e-02   1.9021e-01   1.1756e-01  -1.9646e-01   1.9646e-01  -1.1756e-01   1.8097e-01   1.1756e-01  -2.5067e-02   1.9961e-01  -2.5067e-02   1.8097e-01   1.6887e-01  -7.3625e-02  -1.9961e-01  -4.9738e-02   4.9738e-02   1.6887e-01  -1.0774e-13  -1.9961e-01  -1.9021e-01  -4.9738e-02  -1.3691e-01   1.3691e-01  -1.9961e-01  -1.9646e-01  -1.6887e-01  -1.9021e-01   1.1756e-01   1.3691e-01   9.6351e-02   7.3625e-02  -7.3625e-02  -9.6351e-02  -1.9646e-01   1.5410e-01  -1.5410e-01   1.8097e-01  -4.9738e-02
   7.3625e-02  -1.8097e-01   1.9646e-01  -7.3625e-02  -1.9961e-01  -1.5410e-01   2.5067e-02   9.6351e-02  -1.9021e-01   9.6351e-02   1.8097e-01   1.9021e-01   1.1756e-01   1.3691e-01  -1.3691e-01  -1.1756e-01  -1.9646e-01   1.1756e-01  -9.6351e-02   4.9738e-02  -9.6351e-02  -1.9646e-01   1.5410e-01  -1.9961e-01  -4.9738e-02   1.6887e-01  -1.6887e-01   1.5410e-01  -2.7800e-13  -4.9738e-02  -1.9021e-01   1.6887e-01   2.5067e-02  -2.5067e-02  -4.9738e-02   1.3691e-01  -1.5410e-01  -1.9021e-01   1.1756e-01  -2.5067e-02  -1.8097e-01   1.9961e-01  -1.9961e-01   1.8097e-01   1.3691e-01  -7.3625e-02   7.3625e-02  -1.9646e-01   1.6887e-01
   1.8097e-01   4.9738e-02  -1.6887e-01  -1.8097e-01   1.9646e-01  -9.6351e-02   7.3625e-02   1.9961e-01   1.1756e-01   1.9961e-01  -4.9738e-02  -1.1756e-01   1.9021e-01   1.5410e-01  -1.5410e-01  -1.9021e-01   1.6887e-01   1.9021e-01  -1.9961e-01   1.3691e-01  -1.9961e-01   1.6887e-01   9.6351e-02   1.9646e-01  -1.3691e-01   2.5067e-02  -2.5067e-02   9.6351e-02  -5.8678e-13  -1.3691e-01   1.1756e-01   2.5067e-02   7.3625e-02  -7.3625e-02  -1.3691e-01   1.5410e-01  -9.6351e-02   1.1756e-01   1.9021e-01  -7.3625e-02   4.9738e-02  -1.9646e-01   1.9646e-01  -4.9738e-02   1.5410e-01  -1.8097e-01   1.8097e-01   1.6887e-01   2.5067e-02
   1.9021e-01   1.1756e-01   1.1756e-01  -1.9021e-01  -1.9021e-01   1.9021e-01   1.1756e-01   1.1756e-01   8.2802e-13   1.1756e-01  -1.1756e-01   2.6783e-13  -1.2816e-12  -1.1756e-01   1.1756e-01  -1.0805e-11  -1.1756e-01  -1.3194e-13  -1.1756e-01   1.9021e-01  -1.1756e-01  -1.1756e-01  -1.9021e-01  -1.9021e-01  -1.9021e-01  -1.9021e-01   1.9021e-01  -1.9021e-01  -2.0455e-13  -1.9021e-01  -7.9380e-13  -1.9021e-01   1.1756e-01  -1.1756e-01  -1.9021e-01  -1.1756e-01   1.9021e-01  -1.2471e-12  -2.2581e-12  -1.1756e-01   1.1756e-01   1.9021e-01  -1.9021e-01  -1.1756e-01  -1.1756e-01  -1.9021e-01   1.9021e-01  -1.1756e-01  -1.9021e-01
   1.9646e-01   1.0717e-01  -1.2748e-01   3.7476e-02   1.3691e-01   8.5156e-02  -1.9961e-01   1.9372e-01   1.6180e-01  -4.9738e-02   1.6887e-01  -1.1756e-01   1.9021e-01  -7.3625e-02  -1.8596e-01  -6.1803e-02   1.5410e-01  -1.9021e-01   1.9372e-01   2.5067e-02  -4.9738e-02  -1.5410e-01  -1.8097e-01   1.4579e-01  -1.9842e-01   1.7526e-01   9.6351e-02   1.8097e-01   2.0000e-01   1.9842e-01  -1.1756e-01   9.6351e-02  -1.2558e-02  -1.2558e-02   2.5067e-02  -1.8596e-01  -8.5156e-02  -1.6180e-01  -6.1803e-02  -1.9961e-01  -1.0717e-01   1.3691e-01  -1.4579e-01  -1.6887e-01   7.3625e-02   1.9646e-01   3.7476e-02  -1.2748e-01  -1.7526e-01
  -1.9646e-01   1.0717e-01  -1.2748e-01   3.7476e-02  -1.3691e-01   8.5156e-02   1.9961e-01   1.9372e-01   1.6180e-01   4.9738e-02  -1.6887e-01   1.1756e-01  -1.9021e-01   7.3625e-02  -1.8596e-01  -6.1803e-02  -1.5410e-01   1.9021e-01   1.9372e-01  -2.5067e-02   4.9738e-02   1.5410e-01   1.8097e-01   1.4579e-01  -1.9842e-01   1.7526e-01  -9.6351e-02  -1.8097e-01   2.0000e-01   1.9842e-01   1.1756e-01  -9.6351e-02  -1.2558e-02  -1.2558e-02  -2.5067e-02  -1.8596e-01  -8.5156e-02  -1.6180e-01  -6.1803e-02   1.9961e-01  -1.0717e-01  -1.3691e-01  -1.4579e-01   1.6887e-01  -7.3625e-02  -1.9646e-01   3.7476e-02  -1.2748e-01  -1.7526e-01
  -1.8097e-01   1.9372e-01   1.0717e-01   8.5156e-02  -1.9646e-01  -1.7526e-01  -7.3625e-02   1.2558e-02   1.6180e-01  -1.9961e-01  -4.9738e-02  -1.1756e-01   1.9021e-01   1.5410e-01  -1.2748e-01  -6.1803e-02   1.6887e-01  -1.9021e-01   1.2558e-02  -1.3691e-01  -1.9961e-01  -1.6887e-01   9.6351e-02  -3.7476e-02   1.4579e-01  -1.9842e-01   2.5067e-02  -9.6351e-02   2.0000e-01  -1.4579e-01  -1.1756e-01   2.5067e-02   1.8596e-01   1.8596e-01  -1.3691e-01  -1.2748e-01   1.7526e-01  -1.6180e-01  -6.1803e-02  -7.3625e-02  -1.9372e-01  -1.9646e-01   3.7476e-02   4.9738e-02  -1.5410e-01  -1.8097e-01   8.5156e-02   1.0717e-01   1.9842e-01
  -1.1756e-01   6.1803e-02   6.1803e-02   1.6180e-01   1.1756e-01   1.6180e-01   1.9021e-01   6.1803e-02  -2.0000e-01   1.9021e-01   1.9021e-01  -5.4726e-13   5.1597e-13   1.9021e-01   6.1803e-02  -2.0000e-01   1.9021e-01  -7.3112e-13   6.1803e-02  -1.1756e-01   1.9021e-01  -1.9021e-01  -1.1756e-01  -1.6180e-01  -1.6180e-01  -1.6180e-01  -1.1756e-01   1.1756e-01   2.0000e-01   1.6180e-01   1.9691e-13  -1.1756e-01  -6.1803e-02  -6.1803e-02  -1.1756e-01   6.1803e-02  -1.6180e-01   2.0000e-01  -2.0000e-01   1.9021e-01  -6.1803e-02   1.1756e-01   1.6180e-01  -1.9021e-01  -1.9021e-01  -1.1756e-01   1.6180e-01   6.1803e-02   1.6180e-01
   1.3691e-01  -1.2748e-01  -1.8596e-01  -1.4579e-01   2.5067e-02   3.7476e-02   4.9738e-02   1.0717e-01   1.6180e-01  -1.6887e-01  -1.5410e-01   1.1756e-01  -1.9021e-01   1.9961e-01   1.2558e-02  -6.1803e-02   7.3625e-02   1.9021e-01   1.0717e-01  -9.6351e-02  -1.6887e-01  -7.3625e-02  -1.9646e-01  -1.9842e-01   1.7526e-01  -8.5156e-02   1.8097e-01   1.9646e-01   2.0000e-01  -1.7526e-01   1.1756e-01   1.8097e-01  -1.9372e-01  -1.9372e-01  -9.6351e-02   1.2558e-02  -3.7476e-02  -1.6180e-01  -6.1803e-02   4.9738e-02   1.2748e-01   2.5067e-02   1.9842e-01   1.5410e-01  -1.9961e-01   1.3691e-01  -1.4579e-01  -1.8596e-01   8.5156e-02
   1.6887e-01  -1.9842e-01   1.7526e-01  -1.0717e-01  -1.5410e-01  -1.9372e-01  -1.9646e-01   1.4579e-01  -6.1803e-02   1.3691e-01  -2.5067e-02   1.9021e-01   1.1756e-01   1.8097e-01  -8.5156e-02   1.6180e-01  -9.6351e-02  -1.1756e-01   1.4579e-01  -7.3625e-02   1.3691e-01   9.6351e-02  -4.9738e-02  -1.2748e-01  -1.8596e-01   1.2558e-02  -1.9961e-01   4.9738e-02   2.0000e-01   1.8596e-01   1.9021e-01  -1.9961e-01   3.7476e-02   3.7476e-02  -7.3625e-02  -8.5156e-02   1.9372e-01   6.1803e-02   1.6180e-01  -1.9646e-01   1.9842e-01  -1.5410e-01   1.2748e-01   2.5067e-02  -1.8097e-01   1.6887e-01  -1.0717e-01   1.7526e-01  -1.2558e-02
  -7.3625e-02  -8.5156e-02  -3.7476e-02   1.8596e-01   1.9961e-01   1.2748e-01  -2.5067e-02   1.7526e-01  -6.1803e-02  -9.6351e-02   1.8097e-01   1.9021e-01   1.1756e-01   1.3691e-01   1.4579e-01   1.6180e-01  -1.9646e-01  -1.1756e-01   1.7526e-01  -4.9738e-02  -9.6351e-02   1.9646e-01   1.5410e-01   1.2558e-02   1.9372e-01   1.0717e-01   1.6887e-01  -1.5410e-01   2.0000e-01  -1.9372e-01   1.9021e-01   1.6887e-01   1.9842e-01   1.9842e-01  -4.9738e-02   1.4579e-01  -1.2748e-01   6.1803e-02   1.6180e-01  -2.5067e-02   8.5156e-02   1.9961e-01  -1.2558e-02  -1.8097e-01  -1.3691e-01  -7.3625e-02   1.8596e-01  -3.7476e-02  -1.0717e-01
   1.8097e-01   1.9372e-01   1.0717e-01   8.5156e-02   1.9646e-01  -1.7526e-01   7.3625e-02   1.2558e-02   1.6180e-01   1.9961e-01   4.9738e-02   1.1756e-01  -1.9021e-01  -1.5410e-01  -1.2748e-01  -6.1803e-02  -1.6887e-01   1.9021e-01   1.2558e-02   1.3691e-01   1.9961e-01   1.6887e-01  -9.6351e-02  -3.7476e-02   1.4579e-01  -1.9842e-01  -2.5067e-02   9.6351e-02   2.0000e-01  -1.4579e-01   1.1756e-01  -2.5067e-02   1.8596e-01   1.8596e-01   1.3691e-01  -1.2748e-01   1.7526e-01  -1.6180e-01  -6.1803e-02   7.3625e-02  -1.9372e-01   1.9646e-01   3.7476e-02  -4.9738e-02   1.5410e-01   1.8097e-01   8.5156e-02   1.0717e-01   1.9842e-01
  -1.6887e-01  -1.9842e-01   1.7526e-01  -1.0717e-01   1.5410e-01  -1.9372e-01   1.9646e-01   1.4579e-01  -6.1803e-02  -1.3691e-01   2.5067e-02  -1.9021e-01  -1.1756e-01  -1.8097e-01  -8.5156e-02   1.6180e-01   9.6351e-02   1.1756e-01   1.4579e-01   7.3625e-02  -1.3691e-01  -9.6351e-02   4.9738e-02  -1.2748e-01  -1.8596e-01   1.2558e-02   1.9961e-01  -4.9738e-02   2.0000e-01   1.8596e-01  -1.9021e-01   1.9961e-01   3.7476e-02   3.7476e-02   7.3625e-02  -8.5156e-02   1.9372e-01   6.1803e-02   1.6180e-01   1.9646e-01   1.9842e-01   1.5410e-01   1.2748e-01  -2.5067e-02   1.8097e-01  -1.6887e-01  -1.0717e-01   1.7526e-01  -1.2558e-02
   7.3625e-02  -8.5156e-02  -3.7476e-02   1.8596e-01  -1.9961e-01   1.2748e-01   2.5067e-02   1.7526e-01  -6.1803e-02   9.6351e-02  -1.8097e-01  -1.9021e-01  -1.1756e-01  -1.3691e-01   1.4579e-01   1.6180e-01   1.9646e-01   1.1756e-01   1.7526e-01   4.9738e-02   9.6351e-02  -1.9646e-01  -1.5410e-01   1.2558e-02   1.9372e-01   1.0717e-01  -1.6887e-01   1.5410e-01   2.0000e-01  -1.9372e-01  -1.9021e-01  -1.6887e-01   1.9842e-01   1.9842e-01   4.9738e-02   1.4579e-01  -1.2748e-01   6.1803e-02   1.6180e-01   2.5067e-02   8.5156e-02  -1.9961e-01  -1.2558e-02   1.8097e-01   1.3691e-01   7.3625e-02   1.8596e-01  -3.7476e-02  -1.0717e-01
  -1.3691e-01  -1.2748e-01  -1.8596e-01  -1.4579e-01  -2.5067e-02   3.7476e-02  -4.9738e-02   1.0717e-01   1.6180e-01   1.6887e-01   1.5410e-01  -1.1756e-01   1.9021e-01  -1.9961e-01   1.2558e-02  -6.1803e-02  -7.3625e-02  -1.9021e-01   1.0717e-01   9.6351e-02   1.6887e-01   7.3625e-02   1.9646e-01  -1.9842e-01   1.7526e-01  -8.5156e-02  -1.8097e-01  -1.9646e-01   2.0000e-01  -1.7526e-01  -1.1756e-01  -1.8097e-01  -1.9372e-01  -1.9372e-01   9.6351e-02   1.2558e-02  -3.7476e-02  -1.6180e-01  -6.1803e-02  -4.9738e-02   1.2748e-01  -2.5067e-02   1.9842e-01  -1.5410e-01   1.9961e-01  -1.3691e-01  -1.4579e-01  -1.8596e-01   8.5156e-02
   1.1756e-01   6.1803e-02   6.1803e-02   1.6180e-01  -1.1756e-01   1.6180e-01  -1.9021e-01   6.1803e-02  -2.0000e-01  -1.9021e-01  -1.9021e-01   4.9905e-13  -7.1456e-13  -1.9021e-01   6.1803e-02  -2.0000e-01  -1.9021e-01   1.7045e-12   6.1803e-02   1.1756e-01  -1.9021e-01   1.9021e-01   1.1756e-01  -1.6180e-01  -1.6180e-01  -1.6180e-01   1.1756e-01  -1.1756e-01   2.0000e-01   1.6180e-01  -9.9389e-14   1.1756e-01  -6.1803e-02  -6.1803e-02   1.1756e-01   6.1803e-02  -1.6180e-01   2.0000e-01  -2.0000e-01  -1.9021e-01  -6.1803e-02  -1.1756e-01   1.6180e-01   1.9021e-01   1.9021e-01   1.1756e-01   1.6180e-01   6.1803e-02   1.6180e-01
  -3.0437e-13   2.0000e-01   2.0000e-01  -2.0000e-01   8.9790e-14  -2.0000e-01  -1.0229e-12   2.0000e-01  -2.0000e-01  -2.3639e-12  -3.4350e-12   1.7538e-13   1.4025e-12  -3.2711e-13   2.0000e-01  -2.0000e-01  -7.5998e-14   1.2448e-12   2.0000e-01   2.9059e-12   1.2269e-12  -2.0844e-12   1.6098e-13   2.0000e-01   2.0000e-01   2.0000e-01   1.0346e-12   1.3149e-12   2.0000e-01  -2.0000e-01   4.4814e-13  -4.7378e-13  -2.0000e-01  -2.0000e-01  -7.7044e-14   2.0000e-01   2.0000e-01   2.0000e-01  -2.0000e-01   1.3845e-11  -2.0000e-01  -7.3575e-15  -2.0000e-01  -1.1559e-12  -1.1908e-12  -5.6584e-12  -2.0000e-01   2.0000e-01  -2.0000e-01
   1.9021e-01   1.6180e-01   1.6180e-01   6.1803e-02  -1.9021e-01   6.1803e-02   1.1756e-01   1.6180e-01   2.0000e-01   1.1756e-01   1.1756e-01  -3.7543e-13   5.6026e-13   1.1756e-01   1.6180e-01   2.0000e-01   1.1756e-01  -6.9817e-13   1.6180e-01   1.9021e-01   1.1756e-01  -1.1756e-01   1.9021e-01  -6.1803e-02  -6.1803e-02  -6.1803e-02   1.9021e-01  -1.9021e-01  -2.0000e-01   6.1803e-02  -1.7791e-12   1.9021e-01  -1.6180e-01  -1.6180e-01   1.9021e-01   1.6180e-01  -6.1803e-02  -2.0000e-01   2.0000e-01   1.1756e-01  -1.6180e-01  -1.9021e-01   6.1803e-02  -1.1756e-01  -1.1756e-01   1.9021e-01   6.1803e-02   1.6180e-01   6.1803e-02
  -1.9021e-01   1.6180e-01   1.6180e-01   6.1803e-02   1.9021e-01   6.1803e-02  -1.1756e-01   1.6180e-01   2.0000e-01  -1.1756e-01  -1.1756e-01   2.9715e-13   2.1794e-13  -1.1756e-01   1.6180e-01   2.0000e-01  -1.1756e-01   3.2471e-14   1.6180e-01  -1.9021e-01  -1.1756e-01   1.1756e-01  -1.9021e-01  -6.1803e-02  -6.1803e-02  -6.1803e-02  -1.9021e-01   1.9021e-01  -2.0000e-01   6.1803e-02   1.3698e-12  -1.9021e-01  -1.6180e-01  -1.6180e-01  -1.9021e-01   1.6180e-01  -6.1803e-02  -2.0000e-01   2.0000e-01  -1.1756e-01  -1.6180e-01   1.9021e-01   6.1803e-02   1.1756e-01   1.1756e-01  -1.9021e-01   6.1803e-02   1.6180e-01   6.1803e-02
  -9.6351e-02  -1.2558e-02  -1.9372e-01   1.7526e-01  -1.8097e-01  -1.9842e-01  -1.5410e-01   1.8596e-01  -1.6180e-01   7.3625e-02   1.9961e-01   1.1756e-01  -1.9021e-01  -1.6887e-01  -1.0717e-01   6.1803e-02   4.9738e-02   1.9021e-01   1.8596e-01  -1.9646e-01   7.3625e-02  -4.9738e-02  -2.5067e-02   8.5156e-02   3.7476e-02  -1.4579e-01   1.3691e-01   2.5067e-02  -2.0000e-01  -3.7476e-02   1.1756e-01   1.3691e-01  -1.2748e-01  -1.2748e-01  -1.9646e-01  -1.0717e-01   1.9842e-01   1.6180e-01   6.1803e-02  -1.5410e-01   1.2558e-02  -1.8097e-01  -8.5156e-02  -1.9961e-01   1.6887e-01  -9.6351e-02   1.7526e-01  -1.9372e-01   1.4579e-01
  -4.9738e-02  -1.4579e-01   1.9842e-01   1.9372e-01  -1.6887e-01   1.2558e-02   1.8097e-01   3.7476e-02   6.1803e-02  -1.9646e-01   1.3691e-01   1.9021e-01   1.1756e-01  -9.6351e-02  -1.7526e-01  -1.6180e-01  -2.5067e-02  -1.1756e-01   3.7476e-02   1.5410e-01  -1.9646e-01   2.5067e-02  -1.9961e-01  -1.0717e-01   1.2748e-01   1.8596e-01  -7.3625e-02   1.9961e-01  -2.0000e-01  -1.2748e-01   1.9021e-01  -7.3625e-02  -8.5156e-02  -8.5156e-02   1.5410e-01  -1.7526e-01  -1.2558e-02  -6.1803e-02  -1.6180e-01   1.8097e-01   1.4579e-01  -1.6887e-01   1.0717e-01  -1.3691e-01   9.6351e-02  -4.9738e-02   1.9372e-01   1.9842e-01  -1.8596e-01
   1.5410e-01  -1.7526e-01   8.5156e-02  -1.2748e-01   7.3625e-02   1.0717e-01   1.3691e-01   1.9842e-01   6.1803e-02  -2.5067e-02  -9.6351e-02   1.9021e-01   1.1756e-01  -1.9646e-01   3.7476e-02  -1.6180e-01   1.8097e-01  -1.1756e-01   1.9842e-01  -1.9961e-01  -2.5067e-02  -1.8097e-01   1.6887e-01   1.8596e-01  -1.2558e-02  -1.9372e-01  -4.9738e-02  -1.6887e-01  -2.0000e-01   1.2558e-02   1.9021e-01  -4.9738e-02   1.4579e-01   1.4579e-01  -1.9961e-01   3.7476e-02  -1.0717e-01  -6.1803e-02  -1.6180e-01   1.3691e-01   1.7526e-01   7.3625e-02  -1.8596e-01   9.6351e-02   1.9646e-01   1.5410e-01  -1.2748e-01   8.5156e-02   1.9372e-01
   4.9738e-02  -1.4579e-01   1.9842e-01   1.9372e-01   1.6887e-01   1.2558e-02  -1.8097e-01   3.7476e-02   6.1803e-02   1.9646e-01  -1.3691e-01  -1.9021e-01  -1.1756e-01   9.6351e-02  -1.7526e-01  -1.6180e-01   2.5067e-02   1.1756e-01   3.7476e-02  -1.5410e-01   1.9646e-01  -2.5067e-02   1.9961e-01  -1.0717e-01   1.2748e-01   1.8596e-01   7.3625e-02  -1.9961e-01  -2.0000e-01  -1.2748e-01  -1.9021e-01   7.3625e-02  -8.5156e-02  -8.5156e-02  -1.5410e-01  -1.7526e-01  -1.2558e-02  -6.1803e-02  -1.6180e-01  -1.8097e-01   1.4579e-01   1.6887e-01   1.0717e-01   1.3691e-01  -9.6351e-02   4.9738e-02   1.9372e-01   1.9842e-01  -1.8596e-01
   1.9961e-01   3.7476e-02  -1.4579e-01   1.2558e-02  -4.9738e-02  -1.8596e-01   9.6351e-02   8.5156e-02   6.1803e-02  -1.8097e-01   1.9646e-01  -1.9021e-01  -1.1756e-01   2.5067e-02   1.9842e-01  -1.6180e-01  -1.3691e-01   1.1756e-01   8.5156e-02  -1.6887e-01  -1.8097e-01   1.3691e-01   7.3625e-02  -1.9372e-01  -1.0717e-01   1.2748e-01  -1.5410e-01  -7.3625e-02  -2.0000e-01   1.0717e-01  -1.9021e-01  -1.5410e-01   1.7526e-01   1.7526e-01  -1.6887e-01   1.9842e-01   1.8596e-01  -6.1803e-02  -1.6180e-01   9.6351e-02  -3.7476e-02  -4.9738e-02   1.9372e-01  -1.9646e-01  -2.5067e-02   1.9961e-01   1.2558e-02  -1.4579e-01  -1.2748e-01
   2.5067e-02   1.8596e-01  -1.2558e-02  -1.9842e-01  -9.6351e-02   1.4579e-01   1.6887e-01   1.2748e-01  -1.6180e-01   1.5410e-01  -7.3625e-02  -1.1756e-01   1.9021e-01  -4.9738e-02  -1.9372e-01   6.1803e-02  -1.9961e-01  -1.9021e-01   1.2748e-01  -1.8097e-01   1.5410e-01   1.9961e-01  -1.3691e-01  -1.7526e-01   8.5156e-02   3.7476e-02   1.9646e-01   1.3691e-01  -2.0000e-01  -8.5156e-02  -1.1756e-01   1.9646e-01   1.0717e-01   1.0717e-01  -1.8097e-01  -1.9372e-01  -1.4579e-01   1.6180e-01   6.1803e-02   1.6887e-01  -1.8596e-01  -9.6351e-02   1.7526e-01   7.3625e-02   4.9738e-02   2.5067e-02  -1.9842e-01  -1.2558e-02  -3.7476e-02
  -2.5067e-02   1.8596e-01  -1.2558e-02  -1.9842e-01   9.6351e-02   1.4579e-01  -1.6887e-01   1.2748e-01  -1.6180e-01  -1.5410e-01   7.3625e-02   1.1756e-01  -1.9021e-01   4.9738e-02  -1.9372e-01   6.1803e-02   1.9961e-01   1.9021e-01   1.2748e-01   1.8097e-01  -1.5410e-01  -1.9961e-01   1.3691e-01  -1.7526e-01   8.5156e-02   3.7476e-02  -1.9646e-01  -1.3691e-01  -2.0000e-01  -8.5156e-02   1.1756e-01  -1.9646e-01   1.0717e-01   1.0717e-01   1.8097e-01  -1.9372e-01  -1.4579e-01   1.6180e-01   6.1803e-02  -1.6887e-01  -1.8596e-01   9.6351e-02   1.7526e-01  -7.3625e-02  -4.9738e-02  -2.5067e-02  -1.9842e-01  -1.2558e-02  -3.7476e-02
  -1.9961e-01   3.7476e-02  -1.4579e-01   1.2558e-02   4.9738e-02  -1.8596e-01  -9.6351e-02   8.5156e-02   6.1803e-02   1.8097e-01  -1.9646e-01   1.9021e-01   1.1756e-01  -2.5067e-02   1.9842e-01  -1.6180e-01   1.3691e-01  -1.1756e-01   8.5156e-02   1.6887e-01   1.8097e-01  -1.3691e-01  -7.3625e-02  -1.9372e-01  -1.0717e-01   1.2748e-01   1.5410e-01   7.3625e-02  -2.0000e-01   1.0717e-01   1.9021e-01   1.5410e-01   1.7526e-01   1.7526e-01   1.6887e-01   1.9842e-01   1.8596e-01  -6.1803e-02  -1.6180e-01  -9.6351e-02  -3.7476e-02   4.9738e-02   1.9372e-01   1.9646e-01   2.5067e-02  -1.9961e-01   1.2558e-02  -1.4579e-01  -1.2748e-01
  -1.5410e-01  -1.7526e-01   8.5156e-02  -1.2748e-01  -7.3625e-02   1.0717e-01  -1.3691e-01   1.9842e-01   6.1803e-02   2.5067e-02   9.6351e-02  -1.9021e-01  -1.1756e-01   1.9646e-01   3.7476e-02  -1.6180e-01  -1.8097e-01   1.1756e-01   1.9842e-01   1.9961e-01   2.5067e-02   1.8097e-01  -1.6887e-01   1.8596e-01  -1.2558e-02  -1.9372e-01   4.9738e-02   1.6887e-01  -2.0000e-01   1.2558e-02  -1.9021e-01   4.9738e-02   1.4579e-01   1.4579e-01   1.9961e-01   3.7476e-02  -1.0717e-01  -6.1803e-02  -1.6180e-01  -1.3691e-01   1.7526e-01  -7.3625e-02  -1.8596e-01  -9.6351e-02  -1.9646e-01  -1.5410e-01  -1.2748e-01   8.5156e-02   1.9372e-01
   9.6351e-02  -1.2558e-02  -1.9372e-01   1.7526e-01   1.8097e-01  -1.9842e-01   1.5410e-01   1.8596e-01  -1.6180e-01  -7.3625e-02  -1.9961e-01  -1.1756e-01   1.9021e-01   1.6887e-01  -1.0717e-01   6.1803e-02  -4.9738e-02  -1.9021e-01   1.8596e-01   1.9646e-01  -7.3625e-02   4.9738e-02   2.5067e-02   8.5156e-02   3.7476e-02  -1.4579e-01  -1.3691e-01  -2.5067e-02  -2.0000e-01  -3.7476e-02  -1.1756e-01  -1.3691e-01  -1.2748e-01  -1.2748e-01   1.9646e-01  -1.0717e-01   1.9842e-01   1.6180e-01   6.1803e-02   1.5410e-01   1.2558e-02   1.8097e-01  -8.5156e-02   1.9961e-01  -1.6887e-01   9.6351e-02   1.7526e-01  -1.9372e-01   1.4579e-01

