   2.4182e-03  -4.8354e-03  -7.2504e-03   9.6623e-03  -1.2070e-02  -1.4472e-02   1.6868e-02   1.9257e-02  -2.1637e-02   2.4008e-02  -2.6368e-02  -2.8716e-02   3.1052e-02   3.3375e-02  -3.5682e-02  -3.7974e-02   4.0250e-02   4.2507e-02  -4.4746e-02  -4.6966e-02   4.9165e-02   5.1342e-02   5.3497e-02   5.5628e-02   5.7735e-02  -5.9817e-02   6.1872e-02   6.3900e-02   6.5900e-02   6.7872e-02  -6.9813e-02   7.1724e-02  -7.3603e-02   7.5451e-02  -7.7265e-02  -7.9045e-02   8.0790e-02   8.2500e-02  -8.4174e-02   8.5811e-02   8.7410e-02   8.8971e-02  -9.0493e-02   9.1975e-02  -9.3417e-02  -9.4818e-02   9.6177e-02   9.7495e-02  -9.8769e-02  -1.0000e-01   1.0119e-01   1.0233e-01  -1.0343e-01   1.0448e-01  -1.0549e-01   1.0645e-01   1.0736e-01   1.0823e-01  -1.0905e-01  -1.0982e-01  -1.1054e-01   1.1122e-01  -1.1184e-01   1.1242e-01  -1.1295e-01   1.1342e-01  -1.1385e-01  -1.1423e-01  -1.1456e-01  -1.1484e-01   1.1507e-01   1.1524e-01   1.1537e-01  -1.1544e-01   1.1547e-01   1.1544e-01  -1.1537e-01   1.1524e-01   1.1507e-01  -1.1484e-01  -1.1456e-01   1.1423e-01   1.1385e-01  -1.1342e-01   1.1295e-01  -1.1242e-01  -1.1184e-01   1.1122e-01   1.1054e-01   1.0982e-01   1.0905e-01  -1.0823e-01   1.0736e-01  -1.0645e-01  -1.0549e-01   1.0448e-01  -1.0343e-01  -1.0233e-01   1.0119e-01  -1.0000e-01   9.8769e-02   9.7495e-02   9.6177e-02   9.4818e-02  -9.3417e-02  -9.1975e-02  -9.0493e-02   8.8971e-02  -8.7410e-02   8.5811e-02  -8.4174e-02   8.2500e-02  -8.0790e-02  -7.9045e-02  -7.7265e-02   7.5451e-02   7.3603e-02   7.1724e-02   6.9813e-02   6.7872e-02  -6.5900e-02  -6.3900e-02  -6.1872e-02   5.9817e-02  -5.7735e-02  -5.5628e-02  -5.3497e-02  -5.1342e-02   4.9165e-02  -4.6966e-02   4.4746e-02   4.2507e-02   4.0250e-02  -3.7974e-02   3.5682e-02  -3.3375e-02   3.1052e-02   2.8716e-02   2.6368e-02   2.4008e-02  -2.1637e-02   1.9257e-02   1.6868e-02  -1.4472e-02  -1.2070e-02   9.6623e-03   7.2504e-03   4.8354e-03   2.4182e-03
   4.8354e-03  -9.6623e-03  -1.4472e-02   1.9257e-02  -2.4008e-02  -2.8716e-02   3.3375e-02   3.7974e-02  -4.2507e-02   4.6966e-02  -5.1342e-02  -5.5628e-02   5.9817e-02   6.3900e-02  -6.7872e-02  -7.1724e-02   7.5451e-02   7.9045e-02  -8.2500e-02  -8.5811e-02   8.8971e-02   9.1975e-02   9.4818e-02   9.7495e-02   1.0000e-01  -1.0233e-01   1.0448e-01   1.0645e-01   1.0823e-01   1.0982e-01  -1.1122e-01   1.1242e-01  -1.1342e-01   1.1423e-01  -1.1484e-01  -1.1524e-01   1.1544e-01   1.1544e-01  -1.1524e-01   1.1484e-01   1.1423e-01   1.1342e-01  -1.1242e-01   1.1122e-01  -1.0982e-01  -1.0823e-01   1.0645e-01   1.0448e-01  -1.0233e-01  -1.0000e-01   9.7495e-02   9.4818e-02  -9.1975e-02   8.8971e-02  -8.5811e-02   8.2500e-02   7.9045e-02   7.5451e-02  -7.1724e-02  -6.7872e-02  -6.3900e-02   5.9817e-02  -5.5628e-02   5.1342e-02  -4.6966e-02   4.2507e-02  -3.7974e-02  -3.3375e-02  -2.8716e-02  -2.4008e-02   1.9257e-02   1.4472e-02   9.6623e-03  -4.8354e-03  -7.9857e-14  -4.8354e-03   9.6623e-03  -1.4472e-02  -1.9257e-02   2.4008e-02   2.8716e-02  -3.3375e-02  -3.7974e-02   4.2507e-02  -4.6966e-02   5.1342e-02   5.5628e-02  -5.9817e-02  -6.3900e-02  -6.7872e-02  -7.1724e-02   7.5451e-02  -7.9045e-02   8.2500e-02   8.5811e-02  -8.8971e-02   9.1975e-02   9.4818e-02  -9.7495e-02   1.0000e-01  -1.0233e-01  -1.0448e-01  -1.0645e-01  -1.0823e-01   1.0982e-01   1.1122e-01   1.1242e-01  -1.1342e-01   1.1423e-01  -1.1484e-01   1.1524e-01  -1.1544e-01   1.1544e-01   1.1524e-01   1.1484e-01  -1.1423e-01  -1.1342e-01  -1.1242e-01  -1.1122e-01  -1.0982e-01   1.0823e-01   1.0645e-01   1.0448e-01  -1.0233e-01   1.0000e-01   9.7495e-02   9.4818e-02   9.1975e-02  -8.8971e-02   8.5811e-02  -8.2500e-02  -7.9045e-02  -7.5451e-02   7.1724e-02  -6.7872e-02   6.3900e-02  -5.9817e-02  -5.5628e-02  -5.1342e-02  -4.6966e-02   4.2507e-02  -3.7974e-02  -3.3375e-02   2.8716e-02   2.4008e-02  -1.9257e-02  -1.4472e-02  -9.6623e-03  -4.8354e-03
   7.2504e-03  -1.4472e-02  -2.1637e-02   2.8716e-02  -3.5682e-02  -4.2507e-02   4.9165e-02   5.5628e-02  -6.1872e-02   6.7872e-02  -7.3603e-02  -7.9045e-02   8.4174e-02   8.8971e-02  -9.3417e-02  -9.7495e-02   1.0119e-01   1.0448e-01  -1.0736e-01  -1.0982e-01   1.1184e-01   1.1342e-01   1.1456e-01   1.1524e-01   1.1547e-01  -1.1524e-01   1.1456e-01   1.1342e-01   1.1184e-01   1.0982e-01  -1.0736e-01   1.0448e-01  -1.0119e-01   9.7495e-02  -9.3417e-02  -8.8971e-02   8.4174e-02   7.9045e-02  -7.3603e-02   6.7872e-02   6.1872e-02   5.5628e-02  -4.9165e-02   4.2507e-02  -3.5682e-02  -2.8716e-02   2.1637e-02   1.4472e-02  -7.2504e-03   1.7463e-14  -7.2504e-03  -1.4472e-02   2.1637e-02  -2.8716e-02   3.5682e-02  -4.2507e-02  -4.9165e-02  -5.5628e-02   6.1872e-02   6.7872e-02   7.3603e-02  -7.9045e-02   8.4174e-02  -8.8971e-02   9.3417e-02  -9.7495e-02   1.0119e-01   1.0448e-01   1.0736e-01   1.0982e-01  -1.1184e-01  -1.1342e-01  -1.1456e-01   1.1524e-01  -1.1547e-01  -1.1524e-01   1.1456e-01  -1.1342e-01  -1.1184e-01   1.0982e-01   1.0736e-01  -1.0448e-01  -1.0119e-01   9.7495e-02  -9.3417e-02   8.8971e-02   8.4174e-02  -7.9045e-02  -7.3603e-02  -6.7872e-02  -6.1872e-02   5.5628e-02  -4.9165e-02   4.2507e-02   3.5682e-02  -2.8716e-02   2.1637e-02   1.4472e-02  -7.2504e-03   2.0710e-14   7.2504e-03   1.4472e-02   2.1637e-02   2.8716e-02  -3.5682e-02  -4.2507e-02  -4.9165e-02   5.5628e-02  -6.1872e-02   6.7872e-02  -7.3603e-02   7.9045e-02  -8.4174e-02  -8.8971e-02  -9.3417e-02   9.7495e-02   1.0119e-01   1.0448e-01   1.0736e-01   1.0982e-01  -1.1184e-01  -1.1342e-01  -1.1456e-01   1.1524e-01  -1.1547e-01  -1.1524e-01  -1.1456e-01  -1.1342e-01   1.1184e-01  -1.0982e-01   1.0736e-01   1.0448e-01   1.0119e-01  -9.7495e-02   9.3417e-02  -8.8971e-02   8.4174e-02   7.9045e-02   7.3603e-02   6.7872e-02  -6.1872e-02   5.5628e-02   4.9165e-02  -4.2507e-02  -3.5682e-02   2.8716e-02   2.1637e-02   1.4472e-02   7.2504e-03
   9.6623e-03  -1.9257e-02  -2.8716e-02   3.7974e-02  -4.6966e-02  -5.5628e-02   6.3900e-02   7.1724e-02  -7.9045e-02   8.5811e-02  -9.1975e-02  -9.7495e-02   1.0233e-01   1.0645e-01  -1.0982e-01  -1.1242e-01   1.1423e-01   1.1524e-01  -1.1544e-01  -1.1484e-01   1.1342e-01   1.1122e-01   1.0823e-01   1.0448e-01   1.0000e-01  -9.4818e-02   8.8971e-02   8.2500e-02   7.5451e-02   6.7872e-02  -5.9817e-02   5.1342e-02  -4.2507e-02   3.3375e-02  -2.4008e-02  -1.4472e-02   4.8354e-03  -4.8354e-03   1.4472e-02  -2.4008e-02  -3.3375e-02  -4.2507e-02   5.1342e-02  -5.9817e-02   6.7872e-02   7.5451e-02  -8.2500e-02  -8.8971e-02   9.4818e-02   1.0000e-01  -1.0448e-01  -1.0823e-01   1.1122e-01  -1.1342e-01   1.1484e-01  -1.1544e-01  -1.1524e-01  -1.1423e-01   1.1242e-01   1.0982e-01   1.0645e-01  -1.0233e-01   9.7495e-02  -9.1975e-02   8.5811e-02  -7.9045e-02   7.1724e-02   6.3900e-02   5.5628e-02   4.6966e-02  -3.7974e-02  -2.8716e-02  -1.9257e-02   9.6623e-03   8.1468e-14   9.6623e-03  -1.9257e-02   2.8716e-02   3.7974e-02  -4.6966e-02  -5.5628e-02   6.3900e-02   7.1724e-02  -7.9045e-02   8.5811e-02  -9.1975e-02  -9.7495e-02   1.0233e-01   1.0645e-01   1.0982e-01   1.1242e-01  -1.1423e-01   1.1524e-01  -1.1544e-01  -1.1484e-01   1.1342e-01  -1.1122e-01  -1.0823e-01   1.0448e-01  -1.0000e-01   9.4818e-02   8.8971e-02   8.2500e-02   7.5451e-02  -6.7872e-02  -5.9817e-02  -5.1342e-02   4.2507e-02  -3.3375e-02   2.4008e-02  -1.4472e-02   4.8354e-03   4.8354e-03   1.4472e-02   2.4008e-02  -3.3375e-02  -4.2507e-02  -5.1342e-02  -5.9817e-02  -6.7872e-02   7.5451e-02   8.2500e-02   8.8971e-02  -9.4818e-02   1.0000e-01   1.0448e-01   1.0823e-01   1.1122e-01  -1.1342e-01   1.1484e-01  -1.1544e-01  -1.1524e-01  -1.1423e-01   1.1242e-01  -1.0982e-01   1.0645e-01  -1.0233e-01  -9.7495e-02  -9.1975e-02  -8.5811e-02   7.9045e-02  -7.1724e-02  -6.3900e-02   5.5628e-02   4.6966e-02  -3.7974e-02  -2.8716e-02  -1.9257e-02  -9.6623e-03
   1.2070e-02  -2.4008e-02  -3.5682e-02   4.6966e-02  -5.7735e-02  -6.7872e-02   7.7265e-02   8.5811e-02  -9.3417e-02   1.0000e-01  -1.0549e-01  -1.0982e-01   1.1295e-01   1.1484e-01  -1.1547e-01  -1.1484e-01   1.1295e-01   1.0982e-01  -1.0549e-01  -1.0000e-01   9.3417e-02   8.5811e-02   7.7265e-02   6.7872e-02   5.7735e-02  -4.6966e-02   3.5682e-02   2.4008e-02   1.2070e-02   1.5018e-13   1.2070e-02  -2.4008e-02   3.5682e-02  -4.6966e-02   5.7735e-02   6.7872e-02  -7.7265e-02  -8.5811e-02   9.3417e-02  -1.0000e-01  -1.0549e-01  -1.0982e-01   1.1295e-01  -1.1484e-01   1.1547e-01   1.1484e-01  -1.1295e-01  -1.0982e-01   1.0549e-01   1.0000e-01  -9.3417e-02  -8.5811e-02   7.7265e-02  -6.7872e-02   5.7735e-02  -4.6966e-02  -3.5682e-02  -2.4008e-02   1.2070e-02   1.5990e-14  -1.2070e-02   2.4008e-02  -3.5682e-02   4.6966e-02  -5.7735e-02   6.7872e-02  -7.7265e-02  -8.5811e-02  -9.3417e-02  -1.0000e-01   1.0549e-01   1.0982e-01   1.1295e-01  -1.1484e-01   1.1547e-01   1.1484e-01  -1.1295e-01   1.0982e-01   1.0549e-01  -1.0000e-01  -9.3417e-02   8.5811e-02   7.7265e-02  -6.7872e-02   5.7735e-02  -4.6966e-02  -3.5682e-02   2.4008e-02   1.2070e-02   6.7638e-14  -1.2070e-02   2.4008e-02  -3.5682e-02   4.6966e-02   5.7735e-02  -6.7872e-02   7.7265e-02   8.5811e-02  -9.3417e-02   1.0000e-01  -1.0549e-01  -1.0982e-01  -1.1295e-01  -1.1484e-01   1.1547e-01   1.1484e-01   1.1295e-01  -1.0982e-01   1.0549e-01  -1.0000e-01   9.3417e-02  -8.5811e-02   7.7265e-02   6.7872e-02   5.7735e-02  -4.6966e-02  -3.5682e-02  -2.4008e-02  -1.2070e-02   4.8738e-13  -1.2070e-02  -2.4008e-02  -3.5682e-02   4.6966e-02  -5.7735e-02  -6.7872e-02  -7.7265e-02  -8.5811e-02   9.3417e-02  -1.0000e-01   1.0549e-01   1.0982e-01   1.1295e-01  -1.1484e-01   1.1547e-01  -1.1484e-01   1.1295e-01   1.0982e-01   1.0549e-01   1.0000e-01  -9.3417e-02   8.5811e-02   7.7265e-02  -6.7872e-02  -5.7735e-02   4.6966e-02   3.5682e-02   2.4008e-02   1.2070e-02
   1.4472e-02  -2.8716e-02  -4.2507e-02   5.5628e-02  -6.7872e-02  -7.9045e-02   8.8971e-02   9.7495e-02  -1.0448e-01   1.0982e-01  -1.1342e-01  -1.1524e-01   1.1524e-01   1.1342e-01  -1.0982e-01  -1.0448e-01   9.7495e-02   8.8971e-02  -7.9045e-02  -6.7872e-02   5.5628e-02   4.2507e-02   2.8716e-02   1.4472e-02   2.0769e-14   1.4472e-02  -2.8716e-02  -4.2507e-02  -5.5628e-02  -6.7872e-02   7.9045e-02  -8.8971e-02   9.7495e-02  -1.0448e-01   1.0982e-01   1.1342e-01  -1.1524e-01  -1.1524e-01   1.1342e-01  -1.0982e-01  -1.0448e-01  -9.7495e-02   8.8971e-02  -7.9045e-02   6.7872e-02   5.5628e-02  -4.2507e-02  -2.8716e-02   1.4472e-02   1.8848e-14   1.4472e-02   2.8716e-02  -4.2507e-02   5.5628e-02  -6.7872e-02   7.9045e-02   8.8971e-02   9.7495e-02  -1.0448e-01  -1.0982e-01  -1.1342e-01   1.1524e-01  -1.1524e-01   1.1342e-01  -1.0982e-01   1.0448e-01  -9.7495e-02  -8.8971e-02  -7.9045e-02  -6.7872e-02   5.5628e-02   4.2507e-02   2.8716e-02  -1.4472e-02  -1.0431e-13  -1.4472e-02   2.8716e-02  -4.2507e-02  -5.5628e-02   6.7872e-02   7.9045e-02  -8.8971e-02  -9.7495e-02   1.0448e-01  -1.0982e-01   1.1342e-01   1.1524e-01  -1.1524e-01  -1.1342e-01  -1.0982e-01  -1.0448e-01   9.7495e-02  -8.8971e-02   7.9045e-02   6.7872e-02  -5.5628e-02   4.2507e-02   2.8716e-02  -1.4472e-02   4.1548e-14   1.4472e-02   2.8716e-02   4.2507e-02   5.5628e-02  -6.7872e-02  -7.9045e-02  -8.8971e-02   9.7495e-02  -1.0448e-01   1.0982e-01  -1.1342e-01   1.1524e-01  -1.1524e-01  -1.1342e-01  -1.0982e-01   1.0448e-01   9.7495e-02   8.8971e-02   7.9045e-02   6.7872e-02  -5.5628e-02  -4.2507e-02  -2.8716e-02   1.4472e-02   1.0724e-13   1.4472e-02   2.8716e-02   4.2507e-02  -5.5628e-02   6.7872e-02  -7.9045e-02  -8.8971e-02  -9.7495e-02   1.0448e-01  -1.0982e-01   1.1342e-01  -1.1524e-01  -1.1524e-01  -1.1342e-01  -1.0982e-01   1.0448e-01  -9.7495e-02  -8.8971e-02   7.9045e-02   6.7872e-02  -5.5628e-02  -4.2507e-02  -2.8716e-02  -1.4472e-02
   1.6868e-02  -3.3375e-02  -4.9165e-02   6.3900e-02  -7.7265e-02  -8.8971e-02   9.8769e-02   1.0645e-01  -1.1184e-01   1.1484e-01  -1.1537e-01  -1.1342e-01   1.0905e-01   1.0233e-01  -9.3417e-02  -8.2500e-02   6.9813e-02   5.5628e-02  -4.0250e-02  -2.4008e-02   7.2504e-03  -9.6623e-03  -2.6368e-02  -4.2507e-02  -5.7735e-02   7.1724e-02  -8.4174e-02  -9.4818e-02  -1.0343e-01  -1.0982e-01   1.1385e-01  -1.1544e-01   1.1456e-01  -1.1122e-01   1.0549e-01   9.7495e-02  -8.7410e-02  -7.5451e-02   6.1872e-02  -4.6966e-02  -3.1052e-02  -1.4472e-02  -2.4182e-03   1.9257e-02  -3.5682e-02  -5.1342e-02   6.5900e-02   7.9045e-02  -9.0493e-02  -1.0000e-01   1.0736e-01   1.1242e-01  -1.1507e-01   1.1524e-01  -1.1295e-01   1.0823e-01   1.0119e-01   9.1975e-02  -8.0790e-02  -6.7872e-02  -5.3497e-02   3.7974e-02  -2.1637e-02   4.8354e-03   1.2070e-02  -2.8716e-02   4.4746e-02   5.9817e-02   7.3603e-02   8.5811e-02  -9.6177e-02  -1.0448e-01  -1.1054e-01   1.1423e-01  -1.1547e-01  -1.1423e-01   1.1054e-01  -1.0448e-01  -9.6177e-02   8.5811e-02   7.3603e-02  -5.9817e-02  -4.4746e-02   2.8716e-02  -1.2070e-02  -4.8354e-03  -2.1637e-02   3.7974e-02   5.3497e-02   6.7872e-02   8.0790e-02  -9.1975e-02   1.0119e-01  -1.0823e-01  -1.1295e-01   1.1524e-01  -1.1507e-01  -1.1242e-01   1.0736e-01  -1.0000e-01   9.0493e-02   7.9045e-02   6.5900e-02   5.1342e-02  -3.5682e-02  -1.9257e-02  -2.4182e-03  -1.4472e-02   3.1052e-02  -4.6966e-02   6.1872e-02  -7.5451e-02   8.7410e-02   9.7495e-02   1.0549e-01  -1.1122e-01  -1.1456e-01  -1.1544e-01  -1.1385e-01  -1.0982e-01   1.0343e-01   9.4818e-02   8.4174e-02  -7.1724e-02   5.7735e-02   4.2507e-02   2.6368e-02   9.6623e-03   7.2504e-03  -2.4008e-02   4.0250e-02   5.5628e-02   6.9813e-02  -8.2500e-02   9.3417e-02  -1.0233e-01   1.0905e-01   1.1342e-01   1.1537e-01   1.1484e-01  -1.1184e-01   1.0645e-01   9.8769e-02  -8.8971e-02  -7.7265e-02   6.3900e-02   4.9165e-02   3.3375e-02   1.6868e-02
   1.9257e-02  -3.7974e-02  -5.5628e-02   7.1724e-02  -8.5811e-02  -9.7495e-02   1.0645e-01   1.1242e-01  -1.1524e-01   1.1484e-01  -1.1122e-01  -1.0448e-01   9.4818e-02   8.2500e-02  -6.7872e-02  -5.1342e-02   3.3375e-02   1.4472e-02   4.8354e-03   2.4008e-02  -4.2507e-02  -5.9817e-02  -7.5451e-02  -8.8971e-02  -1.0000e-01   1.0823e-01  -1.1342e-01  -1.1544e-01  -1.1423e-01  -1.0982e-01   1.0233e-01  -9.1975e-02   7.9045e-02  -6.3900e-02   4.6966e-02   2.8716e-02  -9.6623e-03   9.6623e-03  -2.8716e-02   4.6966e-02   6.3900e-02   7.9045e-02  -9.1975e-02   1.0233e-01  -1.0982e-01  -1.1423e-01   1.1544e-01   1.1342e-01  -1.0823e-01  -1.0000e-01   8.8971e-02   7.5451e-02  -5.9817e-02   4.2507e-02  -2.4008e-02   4.8354e-03  -1.4472e-02  -3.3375e-02   5.1342e-02   6.7872e-02   8.2500e-02  -9.4818e-02   1.0448e-01  -1.1122e-01   1.1484e-01  -1.1524e-01   1.1242e-01   1.0645e-01   9.7495e-02   8.5811e-02  -7.1724e-02  -5.5628e-02  -3.7974e-02   1.9257e-02   4.0431e-14   1.9257e-02  -3.7974e-02   5.5628e-02   7.1724e-02  -8.5811e-02  -9.7495e-02   1.0645e-01   1.1242e-01  -1.1524e-01   1.1484e-01  -1.1122e-01  -1.0448e-01   9.4818e-02   8.2500e-02   6.7872e-02   5.1342e-02  -3.3375e-02   1.4472e-02   4.8354e-03   2.4008e-02  -4.2507e-02   5.9817e-02   7.5451e-02  -8.8971e-02   1.0000e-01  -1.0823e-01  -1.1342e-01  -1.1544e-01  -1.1423e-01   1.0982e-01   1.0233e-01   9.1975e-02  -7.9045e-02   6.3900e-02  -4.6966e-02   2.8716e-02  -9.6623e-03  -9.6623e-03  -2.8716e-02  -4.6966e-02   6.3900e-02   7.9045e-02   9.1975e-02   1.0233e-01   1.0982e-01  -1.1423e-01  -1.1544e-01  -1.1342e-01   1.0823e-01  -1.0000e-01  -8.8971e-02  -7.5451e-02  -5.9817e-02   4.2507e-02  -2.4008e-02   4.8354e-03  -1.4472e-02  -3.3375e-02   5.1342e-02  -6.7872e-02   8.2500e-02  -9.4818e-02  -1.0448e-01  -1.1122e-01  -1.1484e-01   1.1524e-01  -1.1242e-01  -1.0645e-01   9.7495e-02   8.5811e-02  -7.1724e-02  -5.5628e-02  -3.7974e-02  -1.9257e-02
   2.1637e-02  -4.2507e-02  -6.1872e-02   7.9045e-02  -9.3417e-02  -1.0448e-01   1.1184e-01   1.1524e-01  -1.1456e-01   1.0982e-01  -1.0119e-01  -8.8971e-02   7.3603e-02   5.5628e-02  -3.5682e-02  -1.4472e-02  -7.2504e-03  -2.8716e-02   4.9165e-02   6.7872e-02  -8.4174e-02  -9.7495e-02  -1.0736e-01  -1.1342e-01  -1.1547e-01   1.1342e-01  -1.0736e-01  -9.7495e-02  -8.4174e-02  -6.7872e-02   4.9165e-02  -2.8716e-02   7.2504e-03   1.4472e-02  -3.5682e-02  -5.5628e-02   7.3603e-02   8.8971e-02  -1.0119e-01   1.0982e-01   1.1456e-01   1.1524e-01  -1.1184e-01   1.0448e-01  -9.3417e-02  -7.9045e-02   6.1872e-02   4.2507e-02  -2.1637e-02  -9.3970e-15  -2.1637e-02  -4.2507e-02   6.1872e-02  -7.9045e-02   9.3417e-02  -1.0448e-01  -1.1184e-01  -1.1524e-01   1.1456e-01   1.0982e-01   1.0119e-01  -8.8971e-02   7.3603e-02  -5.5628e-02   3.5682e-02  -1.4472e-02  -7.2504e-03  -2.8716e-02  -4.9165e-02  -6.7872e-02   8.4174e-02   9.7495e-02   1.0736e-01  -1.1342e-01   1.1547e-01   1.1342e-01  -1.0736e-01   9.7495e-02   8.4174e-02  -6.7872e-02  -4.9165e-02   2.8716e-02   7.2504e-03   1.4472e-02  -3.5682e-02   5.5628e-02   7.3603e-02  -8.8971e-02  -1.0119e-01  -1.0982e-01  -1.1456e-01   1.1524e-01  -1.1184e-01   1.0448e-01   9.3417e-02  -7.9045e-02   6.1872e-02   4.2507e-02  -2.1637e-02   1.3016e-13   2.1637e-02   4.2507e-02   6.1872e-02   7.9045e-02  -9.3417e-02  -1.0448e-01  -1.1184e-01   1.1524e-01  -1.1456e-01   1.0982e-01  -1.0119e-01   8.8971e-02  -7.3603e-02  -5.5628e-02  -3.5682e-02   1.4472e-02  -7.2504e-03  -2.8716e-02  -4.9165e-02  -6.7872e-02   8.4174e-02   9.7495e-02   1.0736e-01  -1.1342e-01   1.1547e-01   1.1342e-01   1.0736e-01   9.7495e-02  -8.4174e-02   6.7872e-02  -4.9165e-02  -2.8716e-02  -7.2504e-03  -1.4472e-02   3.5682e-02  -5.5628e-02   7.3603e-02   8.8971e-02   1.0119e-01   1.0982e-01  -1.1456e-01   1.1524e-01   1.1184e-01  -1.0448e-01  -9.3417e-02   7.9045e-02   6.1872e-02   4.2507e-02   2.1637e-02
   2.4008e-02  -4.6966e-02  -6.7872e-02   8.5811e-02  -1.0000e-01  -1.0982e-01   1.1484e-01   1.1484e-01  -1.0982e-01   1.0000e-01  -8.5811e-02  -6.7872e-02   4.6966e-02   2.4008e-02   3.3264e-13   2.4008e-02  -4.6966e-02  -6.7872e-02   8.5811e-02   1.0000e-01  -1.0982e-01  -1.1484e-01  -1.1484e-01  -1.0982e-01  -1.0000e-01   8.5811e-02  -6.7872e-02  -4.6966e-02  -2.4008e-02  -8.5614e-14  -2.4008e-02   4.6966e-02  -6.7872e-02   8.5811e-02  -1.0000e-01  -1.0982e-01   1.1484e-01   1.1484e-01  -1.0982e-01   1.0000e-01   8.5811e-02   6.7872e-02  -4.6966e-02   2.4008e-02  -3.6121e-13   2.4008e-02  -4.6966e-02  -6.7872e-02   8.5811e-02   1.0000e-01  -1.0982e-01  -1.1484e-01   1.1484e-01  -1.0982e-01   1.0000e-01  -8.5811e-02  -6.7872e-02  -4.6966e-02   2.4008e-02  -2.0320e-13  -2.4008e-02   4.6966e-02  -6.7872e-02   8.5811e-02  -1.0000e-01   1.0982e-01  -1.1484e-01  -1.1484e-01  -1.0982e-01  -1.0000e-01   8.5811e-02   6.7872e-02   4.6966e-02  -2.4008e-02  -1.1067e-13  -2.4008e-02   4.6966e-02  -6.7872e-02  -8.5811e-02   1.0000e-01   1.0982e-01  -1.1484e-01  -1.1484e-01   1.0982e-01  -1.0000e-01   8.5811e-02   6.7872e-02  -4.6966e-02  -2.4008e-02  -8.6118e-14   2.4008e-02  -4.6966e-02   6.7872e-02  -8.5811e-02  -1.0000e-01   1.0982e-01  -1.1484e-01  -1.1484e-01   1.0982e-01  -1.0000e-01   8.5811e-02   6.7872e-02   4.6966e-02   2.4008e-02   8.3715e-15   2.4008e-02   4.6966e-02  -6.7872e-02   8.5811e-02  -1.0000e-01   1.0982e-01  -1.1484e-01   1.1484e-01   1.0982e-01   1.0000e-01  -8.5811e-02  -6.7872e-02  -4.6966e-02  -2.4008e-02   4.9694e-13  -2.4008e-02  -4.6966e-02  -6.7872e-02   8.5811e-02  -1.0000e-01  -1.0982e-01  -1.1484e-01  -1.1484e-01   1.0982e-01  -1.0000e-01   8.5811e-02   6.7872e-02   4.6966e-02  -2.4008e-02   3.8489e-13   2.4008e-02  -4.6966e-02  -6.7872e-02  -8.5811e-02  -1.0000e-01   1.0982e-01  -1.1484e-01  -1.1484e-01   1.0982e-01   1.0000e-01  -8.5811e-02  -6.7872e-02  -4.6966e-02  -2.4008e-02
   2.6368e-02  -5.1342e-02  -7.3603e-02   9.1975e-02  -1.0549e-01  -1.1342e-01   1.1537e-01   1.1122e-01  -1.0119e-01   8.5811e-02  -6.5900e-02  -4.2507e-02   1.6868e-02  -9.6623e-03   3.5682e-02   5.9817e-02  -8.0790e-02  -9.7495e-02   1.0905e-01   1.1484e-01  -1.1456e-01  -1.0823e-01  -9.6177e-02  -7.9045e-02  -5.7735e-02   3.3375e-02  -7.2504e-03   1.9257e-02   4.4746e-02   6.7872e-02  -8.7410e-02   1.0233e-01  -1.1184e-01   1.1544e-01  -1.1295e-01  -1.0448e-01   9.0493e-02   7.1724e-02  -4.9165e-02   2.4008e-02  -2.4182e-03  -2.8716e-02   5.3497e-02  -7.5451e-02   9.3417e-02   1.0645e-01  -1.1385e-01  -1.1524e-01   1.1054e-01   1.0000e-01  -8.4174e-02  -6.3900e-02   4.0250e-02  -1.4472e-02  -1.2070e-02   3.7974e-02   6.1872e-02   8.2500e-02  -9.8769e-02  -1.0982e-01  -1.1507e-01   1.1423e-01  -1.0736e-01   9.4818e-02  -7.7265e-02   5.5628e-02  -3.1052e-02  -4.8354e-03   2.1637e-02   4.6966e-02  -6.9813e-02  -8.8971e-02  -1.0343e-01   1.1242e-01  -1.1547e-01  -1.1242e-01   1.0343e-01  -8.8971e-02  -6.9813e-02   4.6966e-02   2.1637e-02   4.8354e-03   3.1052e-02  -5.5628e-02   7.7265e-02  -9.4818e-02  -1.0736e-01   1.1423e-01   1.1507e-01   1.0982e-01   9.8769e-02  -8.2500e-02   6.1872e-02  -3.7974e-02  -1.2070e-02  -1.4472e-02   4.0250e-02   6.3900e-02  -8.4174e-02   1.0000e-01  -1.1054e-01  -1.1524e-01  -1.1385e-01  -1.0645e-01   9.3417e-02   7.5451e-02   5.3497e-02  -2.8716e-02   2.4182e-03   2.4008e-02  -4.9165e-02   7.1724e-02  -9.0493e-02  -1.0448e-01  -1.1295e-01   1.1544e-01   1.1184e-01   1.0233e-01   8.7410e-02   6.7872e-02  -4.4746e-02  -1.9257e-02   7.2504e-03  -3.3375e-02   5.7735e-02   7.9045e-02   9.6177e-02   1.0823e-01  -1.1456e-01   1.1484e-01  -1.0905e-01  -9.7495e-02  -8.0790e-02   5.9817e-02  -3.5682e-02   9.6623e-03   1.6868e-02   4.2507e-02   6.5900e-02   8.5811e-02  -1.0119e-01   1.1122e-01   1.1537e-01  -1.1342e-01  -1.0549e-01   9.1975e-02   7.3603e-02   5.1342e-02   2.6368e-02
   2.8716e-02  -5.5628e-02  -7.9045e-02   9.7495e-02  -1.0982e-01  -1.1524e-01   1.1342e-01   1.0448e-01  -8.8971e-02   6.7872e-02  -4.2507e-02  -1.4472e-02  -1.4472e-02  -4.2507e-02   6.7872e-02   8.8971e-02  -1.0448e-01  -1.1342e-01   1.1524e-01   1.0982e-01  -9.7495e-02  -7.9045e-02  -5.5628e-02  -2.8716e-02   2.0305e-13  -2.8716e-02   5.5628e-02   7.9045e-02   9.7495e-02   1.0982e-01  -1.1524e-01   1.1342e-01  -1.0448e-01   8.8971e-02  -6.7872e-02  -4.2507e-02   1.4472e-02  -1.4472e-02   4.2507e-02  -6.7872e-02  -8.8971e-02  -1.0448e-01   1.1342e-01  -1.1524e-01   1.0982e-01   9.7495e-02  -7.9045e-02  -5.5628e-02   2.8716e-02  -1.4302e-13   2.8716e-02   5.5628e-02  -7.9045e-02   9.7495e-02  -1.0982e-01   1.1524e-01   1.1342e-01   1.0448e-01  -8.8971e-02  -6.7872e-02  -4.2507e-02   1.4472e-02   1.4472e-02  -4.2507e-02   6.7872e-02  -8.8971e-02   1.0448e-01   1.1342e-01   1.1524e-01   1.0982e-01  -9.7495e-02  -7.9045e-02  -5.5628e-02   2.8716e-02   3.1449e-14   2.8716e-02  -5.5628e-02   7.9045e-02   9.7495e-02  -1.0982e-01  -1.1524e-01   1.1342e-01   1.0448e-01  -8.8971e-02   6.7872e-02  -4.2507e-02  -1.4472e-02  -1.4472e-02  -4.2507e-02  -6.7872e-02  -8.8971e-02   1.0448e-01  -1.1342e-01   1.1524e-01   1.0982e-01  -9.7495e-02   7.9045e-02   5.5628e-02  -2.8716e-02   1.3923e-14   2.8716e-02   5.5628e-02   7.9045e-02   9.7495e-02  -1.0982e-01  -1.1524e-01  -1.1342e-01   1.0448e-01  -8.8971e-02   6.7872e-02  -4.2507e-02   1.4472e-02   1.4472e-02   4.2507e-02   6.7872e-02  -8.8971e-02  -1.0448e-01  -1.1342e-01  -1.1524e-01  -1.0982e-01   9.7495e-02   7.9045e-02   5.5628e-02  -2.8716e-02  -1.3588e-13  -2.8716e-02  -5.5628e-02  -7.9045e-02   9.7495e-02  -1.0982e-01   1.1524e-01   1.1342e-01   1.0448e-01  -8.8971e-02   6.7872e-02  -4.2507e-02   1.4472e-02  -1.4472e-02  -4.2507e-02  -6.7872e-02   8.8971e-02  -1.0448e-01  -1.1342e-01   1.1524e-01   1.0982e-01  -9.7495e-02  -7.9045e-02  -5.5628e-02  -2.8716e-02
   3.1052e-02  -5.9817e-02  -8.4174e-02   1.0233e-01  -1.1295e-01  -1.1524e-01   1.0905e-01   9.4818e-02  -7.3603e-02   4.6966e-02  -1.6868e-02   1.4472e-02  -4.4746e-02  -7.1724e-02   9.3417e-02   1.0823e-01  -1.1507e-01  -1.1342e-01   1.0343e-01   8.5811e-02  -6.1872e-02  -3.3375e-02  -2.4182e-03   2.8716e-02   5.7735e-02  -8.2500e-02   1.0119e-01   1.1242e-01   1.1537e-01   1.0982e-01  -9.6177e-02   7.5451e-02  -4.9165e-02   1.9257e-02   1.2070e-02   4.2507e-02  -6.9813e-02  -9.1975e-02   1.0736e-01  -1.1484e-01  -1.1385e-01  -1.0448e-01   8.7410e-02  -6.3900e-02   3.5682e-02   4.8354e-03   2.6368e-02   5.5628e-02  -8.0790e-02  -1.0000e-01   1.1184e-01   1.1544e-01  -1.1054e-01   9.7495e-02  -7.7265e-02   5.1342e-02   2.1637e-02  -9.6623e-03   4.0250e-02   6.7872e-02   9.0493e-02  -1.0645e-01   1.1456e-01  -1.1423e-01   1.0549e-01  -8.8971e-02   6.5900e-02   3.7974e-02   7.2504e-03  -2.4008e-02   5.3497e-02   7.9045e-02   9.8769e-02  -1.1122e-01   1.1547e-01   1.1122e-01  -9.8769e-02   7.9045e-02   5.3497e-02  -2.4008e-02   7.2504e-03  -3.7974e-02  -6.5900e-02   8.8971e-02  -1.0549e-01   1.1423e-01   1.1456e-01  -1.0645e-01  -9.0493e-02  -6.7872e-02  -4.0250e-02   9.6623e-03   2.1637e-02  -5.1342e-02  -7.7265e-02   9.7495e-02  -1.1054e-01  -1.1544e-01   1.1184e-01  -1.0000e-01   8.0790e-02   5.5628e-02   2.6368e-02  -4.8354e-03   3.5682e-02   6.3900e-02   8.7410e-02  -1.0448e-01   1.1385e-01  -1.1484e-01   1.0736e-01  -9.1975e-02   6.9813e-02   4.2507e-02   1.2070e-02   1.9257e-02   4.9165e-02   7.5451e-02   9.6177e-02   1.0982e-01  -1.1537e-01  -1.1242e-01  -1.0119e-01   8.2500e-02  -5.7735e-02  -2.8716e-02   2.4182e-03   3.3375e-02  -6.1872e-02   8.5811e-02  -1.0343e-01  -1.1342e-01  -1.1507e-01   1.0823e-01  -9.3417e-02   7.1724e-02  -4.4746e-02  -1.4472e-02   1.6868e-02   4.6966e-02  -7.3603e-02   9.4818e-02   1.0905e-01  -1.1524e-01  -1.1295e-01   1.0233e-01   8.4174e-02   5.9817e-02   3.1052e-02
   3.3375e-02  -6.3900e-02  -8.8971e-02   1.0645e-01  -1.1484e-01  -1.1342e-01   1.0233e-01   8.2500e-02  -5.5628e-02   2.4008e-02   9.6623e-03   4.2507e-02  -7.1724e-02  -9.4818e-02   1.0982e-01   1.1544e-01  -1.1122e-01  -9.7495e-02   7.5451e-02   4.6966e-02  -1.4472e-02   1.9257e-02   5.1342e-02   7.9045e-02   1.0000e-01  -1.1242e-01   1.1524e-01   1.0823e-01   9.1975e-02   6.7872e-02  -3.7974e-02   4.8354e-03   2.8716e-02  -5.9817e-02   8.5811e-02   1.0448e-01  -1.1423e-01  -1.1423e-01   1.0448e-01  -8.5811e-02  -5.9817e-02  -2.8716e-02  -4.8354e-03   3.7974e-02  -6.7872e-02  -9.1975e-02   1.0823e-01   1.1524e-01  -1.1242e-01  -1.0000e-01   7.9045e-02   5.1342e-02  -1.9257e-02  -1.4472e-02   4.6966e-02  -7.5451e-02  -9.7495e-02  -1.1122e-01   1.1544e-01   1.0982e-01   9.4818e-02  -7.1724e-02   4.2507e-02  -9.6623e-03  -2.4008e-02   5.5628e-02  -8.2500e-02  -1.0233e-01  -1.1342e-01  -1.1484e-01   1.0645e-01   8.8971e-02   6.3900e-02  -3.3375e-02  -1.1208e-13  -3.3375e-02   6.3900e-02  -8.8971e-02  -1.0645e-01   1.1484e-01   1.1342e-01  -1.0233e-01  -8.2500e-02   5.5628e-02  -2.4008e-02  -9.6623e-03  -4.2507e-02   7.1724e-02   9.4818e-02   1.0982e-01   1.1544e-01  -1.1122e-01   9.7495e-02  -7.5451e-02  -4.6966e-02   1.4472e-02   1.9257e-02   5.1342e-02  -7.9045e-02   1.0000e-01  -1.1242e-01  -1.1524e-01  -1.0823e-01  -9.1975e-02   6.7872e-02   3.7974e-02   4.8354e-03   2.8716e-02  -5.9817e-02   8.5811e-02  -1.0448e-01   1.1423e-01  -1.1423e-01  -1.0448e-01  -8.5811e-02   5.9817e-02   2.8716e-02  -4.8354e-03  -3.7974e-02  -6.7872e-02   9.1975e-02   1.0823e-01   1.1524e-01  -1.1242e-01   1.0000e-01   7.9045e-02   5.1342e-02   1.9257e-02   1.4472e-02  -4.6966e-02   7.5451e-02   9.7495e-02   1.1122e-01  -1.1544e-01   1.0982e-01  -9.4818e-02   7.1724e-02   4.2507e-02   9.6623e-03  -2.4008e-02   5.5628e-02  -8.2500e-02  -1.0233e-01   1.1342e-01   1.1484e-01  -1.0645e-01  -8.8971e-02  -6.3900e-02  -3.3375e-02
   3.5682e-02  -6.7872e-02  -9.3417e-02   1.0982e-01  -1.1547e-01  -1.0982e-01   9.3417e-02   6.7872e-02  -3.5682e-02  -2.6315e-13   3.5682e-02   6.7872e-02  -9.3417e-02  -1.0982e-01   1.1547e-01   1.0982e-01  -9.3417e-02  -6.7872e-02   3.5682e-02  -6.6808e-13   3.5682e-02   6.7872e-02   9.3417e-02   1.0982e-01   1.1547e-01  -1.0982e-01   9.3417e-02   6.7872e-02   3.5682e-02   1.2365e-13   3.5682e-02  -6.7872e-02   9.3417e-02  -1.0982e-01   1.1547e-01   1.0982e-01  -9.3417e-02  -6.7872e-02   3.5682e-02  -7.2954e-13   3.5682e-02   6.7872e-02  -9.3417e-02   1.0982e-01  -1.1547e-01  -1.0982e-01   9.3417e-02   6.7872e-02  -3.5682e-02   9.6562e-14  -3.5682e-02  -6.7872e-02   9.3417e-02  -1.0982e-01   1.1547e-01  -1.0982e-01  -9.3417e-02  -6.7872e-02   3.5682e-02   1.3315e-13  -3.5682e-02   6.7872e-02  -9.3417e-02   1.0982e-01  -1.1547e-01   1.0982e-01  -9.3417e-02  -6.7872e-02  -3.5682e-02   2.3666e-14  -3.5682e-02  -6.7872e-02  -9.3417e-02   1.0982e-01  -1.1547e-01  -1.0982e-01   9.3417e-02  -6.7872e-02  -3.5682e-02  -6.2748e-15  -3.5682e-02   6.7872e-02   9.3417e-02  -1.0982e-01   1.1547e-01  -1.0982e-01  -9.3417e-02   6.7872e-02   3.5682e-02   9.2148e-14  -3.5682e-02   6.7872e-02  -9.3417e-02   1.0982e-01   1.1547e-01  -1.0982e-01   9.3417e-02   6.7872e-02  -3.5682e-02   1.1162e-14   3.5682e-02   6.7872e-02   9.3417e-02   1.0982e-01  -1.1547e-01  -1.0982e-01  -9.3417e-02   6.7872e-02  -3.5682e-02  -4.5936e-14   3.5682e-02  -6.7872e-02   9.3417e-02   1.0982e-01   1.1547e-01  -1.0982e-01  -9.3417e-02  -6.7872e-02  -3.5682e-02   3.1581e-13  -3.5682e-02  -6.7872e-02  -9.3417e-02   1.0982e-01  -1.1547e-01  -1.0982e-01  -9.3417e-02  -6.7872e-02   3.5682e-02  -1.0597e-12  -3.5682e-02  -6.7872e-02  -9.3417e-02   1.0982e-01  -1.1547e-01   1.0982e-01  -9.3417e-02  -6.7872e-02  -3.5682e-02  -5.2740e-13  -3.5682e-02   6.7872e-02   9.3417e-02  -1.0982e-01  -1.1547e-01   1.0982e-01   9.3417e-02   6.7872e-02   3.5682e-02
   3.7974e-02  -7.1724e-02  -9.7495e-02   1.1242e-01  -1.1484e-01  -1.0448e-01   8.2500e-02   5.1342e-02  -1.4472e-02  -2.4008e-02   5.9817e-02   8.8971e-02  -1.0823e-01  -1.1544e-01   1.0982e-01   9.1975e-02  -6.3900e-02  -2.8716e-02  -9.6623e-03  -4.6966e-02   7.9045e-02   1.0233e-01   1.1423e-01   1.1342e-01   1.0000e-01  -7.5451e-02   4.2507e-02   4.8354e-03  -3.3375e-02  -6.7872e-02   9.4818e-02  -1.1122e-01   1.1524e-01  -1.0645e-01   8.5811e-02   5.5628e-02  -1.9257e-02   1.9257e-02  -5.5628e-02   8.5811e-02   1.0645e-01   1.1524e-01  -1.1122e-01   9.4818e-02  -6.7872e-02  -3.3375e-02  -4.8354e-03  -4.2507e-02   7.5451e-02   1.0000e-01  -1.1342e-01  -1.1423e-01   1.0233e-01  -7.9045e-02   4.6966e-02  -9.6623e-03   2.8716e-02   6.3900e-02  -9.1975e-02  -1.0982e-01  -1.1544e-01   1.0823e-01  -8.8971e-02   5.9817e-02  -2.4008e-02  -1.4472e-02   5.1342e-02   8.2500e-02   1.0448e-01   1.1484e-01  -1.1242e-01  -9.7495e-02  -7.1724e-02   3.7974e-02  -1.5956e-14   3.7974e-02  -7.1724e-02   9.7495e-02   1.1242e-01  -1.1484e-01  -1.0448e-01   8.2500e-02   5.1342e-02  -1.4472e-02  -2.4008e-02   5.9817e-02   8.8971e-02  -1.0823e-01  -1.1544e-01  -1.0982e-01  -9.1975e-02   6.3900e-02  -2.8716e-02  -9.6623e-03  -4.6966e-02   7.9045e-02  -1.0233e-01  -1.1423e-01   1.1342e-01  -1.0000e-01   7.5451e-02   4.2507e-02   4.8354e-03  -3.3375e-02   6.7872e-02   9.4818e-02   1.1122e-01  -1.1524e-01   1.0645e-01  -8.5811e-02   5.5628e-02  -1.9257e-02  -1.9257e-02  -5.5628e-02  -8.5811e-02   1.0645e-01   1.1524e-01   1.1122e-01   9.4818e-02   6.7872e-02  -3.3375e-02   4.8354e-03   4.2507e-02  -7.5451e-02   1.0000e-01   1.1342e-01   1.1423e-01   1.0233e-01  -7.9045e-02   4.6966e-02  -9.6623e-03   2.8716e-02   6.3900e-02  -9.1975e-02   1.0982e-01  -1.1544e-01   1.0823e-01   8.8971e-02   5.9817e-02   2.4008e-02   1.4472e-02  -5.1342e-02  -8.2500e-02   1.0448e-01   1.1484e-01  -1.1242e-01  -9.7495e-02  -7.1724e-02  -3.7974e-02
   4.0250e-02  -7.5451e-02  -1.0119e-01   1.1423e-01  -1.1295e-01  -9.7495e-02   6.9813e-02   3.3375e-02   7.2504e-03  -4.6966e-02   8.0790e-02   1.0448e-01  -1.1507e-01  -1.1122e-01   9.3417e-02   6.3900e-02  -2.6368e-02   1.4472e-02  -5.3497e-02  -8.5811e-02   1.0736e-01   1.1544e-01   1.0905e-01   8.8971e-02   5.7735e-02  -1.9257e-02  -2.1637e-02  -5.9817e-02  -9.0493e-02  -1.0982e-01   1.1537e-01  -1.0645e-01   8.4174e-02  -5.1342e-02   1.2070e-02  -2.8716e-02   6.5900e-02   9.4818e-02  -1.1184e-01   1.1484e-01   1.0343e-01   7.9045e-02  -4.4746e-02   4.8354e-03   3.5682e-02   7.1724e-02  -9.8769e-02  -1.1342e-01   1.1385e-01   1.0000e-01  -7.3603e-02  -3.7974e-02  -2.4182e-03   4.2507e-02  -7.7265e-02   1.0233e-01   1.1456e-01   1.1242e-01  -9.6177e-02  -6.7872e-02  -3.1052e-02  -9.6623e-03   4.9165e-02  -8.2500e-02   1.0549e-01  -1.1524e-01   1.1054e-01   9.1975e-02   6.1872e-02   2.4008e-02   1.6868e-02   5.5628e-02   8.7410e-02  -1.0823e-01   1.1547e-01   1.0823e-01  -8.7410e-02   5.5628e-02   1.6868e-02   2.4008e-02   6.1872e-02  -9.1975e-02  -1.1054e-01   1.1524e-01  -1.0549e-01   8.2500e-02   4.9165e-02  -9.6623e-03   3.1052e-02   6.7872e-02   9.6177e-02  -1.1242e-01   1.1456e-01  -1.0233e-01  -7.7265e-02   4.2507e-02  -2.4182e-03   3.7974e-02  -7.3603e-02   1.0000e-01  -1.1385e-01  -1.1342e-01  -9.8769e-02  -7.1724e-02   3.5682e-02  -4.8354e-03  -4.4746e-02   7.9045e-02  -1.0343e-01   1.1484e-01  -1.1184e-01   9.4818e-02  -6.5900e-02  -2.8716e-02   1.2070e-02  -5.1342e-02  -8.4174e-02  -1.0645e-01  -1.1537e-01  -1.0982e-01   9.0493e-02   5.9817e-02   2.1637e-02   1.9257e-02  -5.7735e-02  -8.8971e-02  -1.0905e-01  -1.1544e-01   1.0736e-01  -8.5811e-02   5.3497e-02   1.4472e-02  -2.6368e-02   6.3900e-02  -9.3417e-02   1.1122e-01  -1.1507e-01  -1.0448e-01  -8.0790e-02  -4.6966e-02   7.2504e-03   3.3375e-02   6.9813e-02  -9.7495e-02  -1.1295e-01   1.1423e-01   1.0119e-01   7.5451e-02   4.0250e-02
   4.2507e-02  -7.9045e-02  -1.0448e-01   1.1524e-01  -1.0982e-01  -8.8971e-02   5.5628e-02   1.4472e-02   2.8716e-02  -6.7872e-02   9.7495e-02   1.1342e-01  -1.1342e-01  -9.7495e-02   6.7872e-02   2.8716e-02   1.4472e-02   5.5628e-02  -8.8971e-02  -1.0982e-01   1.1524e-01   1.0448e-01   7.9045e-02   4.2507e-02  -3.8866e-14   4.2507e-02  -7.9045e-02  -1.0448e-01  -1.1524e-01  -1.0982e-01   8.8971e-02  -5.5628e-02   1.4472e-02   2.8716e-02  -6.7872e-02  -9.7495e-02   1.1342e-01   1.1342e-01  -9.7495e-02   6.7872e-02   2.8716e-02  -1.4472e-02   5.5628e-02  -8.8971e-02   1.0982e-01   1.1524e-01  -1.0448e-01  -7.9045e-02   4.2507e-02   4.3427e-14   4.2507e-02   7.9045e-02  -1.0448e-01   1.1524e-01  -1.0982e-01   8.8971e-02   5.5628e-02   1.4472e-02   2.8716e-02   6.7872e-02   9.7495e-02  -1.1342e-01   1.1342e-01  -9.7495e-02   6.7872e-02  -2.8716e-02  -1.4472e-02  -5.5628e-02  -8.8971e-02  -1.0982e-01   1.1524e-01   1.0448e-01   7.9045e-02  -4.2507e-02   1.7320e-14  -4.2507e-02   7.9045e-02  -1.0448e-01  -1.1524e-01   1.0982e-01   8.8971e-02  -5.5628e-02  -1.4472e-02  -2.8716e-02   6.7872e-02  -9.7495e-02  -1.1342e-01   1.1342e-01   9.7495e-02   6.7872e-02   2.8716e-02   1.4472e-02  -5.5628e-02   8.8971e-02   1.0982e-01  -1.1524e-01   1.0448e-01   7.9045e-02  -4.2507e-02  -2.0076e-14   4.2507e-02   7.9045e-02   1.0448e-01   1.1524e-01  -1.0982e-01  -8.8971e-02  -5.5628e-02   1.4472e-02   2.8716e-02  -6.7872e-02   9.7495e-02  -1.1342e-01   1.1342e-01   9.7495e-02   6.7872e-02  -2.8716e-02   1.4472e-02   5.5628e-02   8.8971e-02   1.0982e-01  -1.1524e-01  -1.0448e-01  -7.9045e-02   4.2507e-02   1.8540e-13   4.2507e-02   7.9045e-02   1.0448e-01  -1.1524e-01   1.0982e-01  -8.8971e-02  -5.5628e-02  -1.4472e-02  -2.8716e-02   6.7872e-02  -9.7495e-02   1.1342e-01   1.1342e-01   9.7495e-02   6.7872e-02  -2.8716e-02  -1.4472e-02  -5.5628e-02   8.8971e-02   1.0982e-01  -1.1524e-01  -1.0448e-01  -7.9045e-02  -4.2507e-02
   4.4746e-02  -8.2500e-02  -1.0736e-01   1.1544e-01  -1.0549e-01  -7.9045e-02   4.0250e-02  -4.8354e-03   4.9165e-02  -8.5811e-02   1.0905e-01   1.1524e-01  -1.0343e-01  -7.5451e-02   3.5682e-02  -9.6623e-03   5.3497e-02   8.8971e-02  -1.1054e-01  -1.1484e-01   1.0119e-01   7.1724e-02   3.1052e-02  -1.4472e-02  -5.7735e-02   9.1975e-02  -1.1184e-01  -1.1423e-01  -9.8769e-02  -6.7872e-02   2.6368e-02   1.9257e-02  -6.1872e-02   9.4818e-02  -1.1295e-01  -1.1342e-01   9.6177e-02   6.3900e-02  -2.1637e-02  -2.4008e-02  -6.5900e-02  -9.7495e-02   1.1385e-01  -1.1242e-01   9.3417e-02   5.9817e-02  -1.6868e-02   2.8716e-02  -6.9813e-02  -1.0000e-01   1.1456e-01   1.1122e-01  -9.0493e-02   5.5628e-02  -1.2070e-02  -3.3375e-02  -7.3603e-02  -1.0233e-01   1.1507e-01   1.0982e-01   8.7410e-02  -5.1342e-02   7.2504e-03   3.7974e-02  -7.7265e-02   1.0448e-01  -1.1537e-01  -1.0823e-01  -8.4174e-02  -4.6966e-02   2.4182e-03  -4.2507e-02  -8.0790e-02   1.0645e-01  -1.1547e-01  -1.0645e-01   8.0790e-02  -4.2507e-02   2.4182e-03  -4.6966e-02  -8.4174e-02   1.0823e-01   1.1537e-01  -1.0448e-01   7.7265e-02  -3.7974e-02   7.2504e-03  -5.1342e-02  -8.7410e-02  -1.0982e-01  -1.1507e-01   1.0233e-01  -7.3603e-02   3.3375e-02  -1.2070e-02   5.5628e-02  -9.0493e-02  -1.1122e-01   1.1456e-01  -1.0000e-01   6.9813e-02   2.8716e-02  -1.6868e-02  -5.9817e-02   9.3417e-02   1.1242e-01   1.1385e-01  -9.7495e-02   6.5900e-02  -2.4008e-02  -2.1637e-02   6.3900e-02  -9.6177e-02  -1.1342e-01  -1.1295e-01   9.4818e-02   6.1872e-02   1.9257e-02  -2.6368e-02  -6.7872e-02   9.8769e-02   1.1423e-01   1.1184e-01  -9.1975e-02   5.7735e-02   1.4472e-02  -3.1052e-02  -7.1724e-02   1.0119e-01  -1.1484e-01   1.1054e-01   8.8971e-02   5.3497e-02  -9.6623e-03  -3.5682e-02   7.5451e-02  -1.0343e-01  -1.1524e-01  -1.0905e-01  -8.5811e-02   4.9165e-02  -4.8354e-03   4.0250e-02  -7.9045e-02  -1.0549e-01   1.1544e-01   1.0736e-01   8.2500e-02   4.4746e-02
   4.6966e-02  -8.5811e-02  -1.0982e-01   1.1484e-01  -1.0000e-01  -6.7872e-02   2.4008e-02  -2.4008e-02   6.7872e-02  -1.0000e-01   1.1484e-01   1.0982e-01  -8.5811e-02  -4.6966e-02  -8.9052e-13  -4.6966e-02   8.5811e-02   1.0982e-01  -1.1484e-01  -1.0000e-01   6.7872e-02   2.4008e-02  -2.4008e-02  -6.7872e-02  -1.0000e-01   1.1484e-01  -1.0982e-01  -8.5811e-02  -4.6966e-02  -8.7897e-15  -4.6966e-02   8.5811e-02  -1.0982e-01   1.1484e-01  -1.0000e-01  -6.7872e-02   2.4008e-02  -2.4008e-02   6.7872e-02  -1.0000e-01  -1.1484e-01  -1.0982e-01   8.5811e-02  -4.6966e-02   3.8740e-13  -4.6966e-02   8.5811e-02   1.0982e-01  -1.1484e-01  -1.0000e-01   6.7872e-02   2.4008e-02   2.4008e-02  -6.7872e-02   1.0000e-01  -1.1484e-01  -1.0982e-01  -8.5811e-02   4.6966e-02   5.2994e-14  -4.6966e-02   8.5811e-02  -1.0982e-01   1.1484e-01  -1.0000e-01   6.7872e-02  -2.4008e-02   2.4008e-02   6.7872e-02   1.0000e-01  -1.1484e-01  -1.0982e-01  -8.5811e-02   4.6966e-02  -7.3527e-14   4.6966e-02  -8.5811e-02   1.0982e-01   1.1484e-01  -1.0000e-01  -6.7872e-02   2.4008e-02  -2.4008e-02   6.7872e-02  -1.0000e-01   1.1484e-01   1.0982e-01  -8.5811e-02  -4.6966e-02   3.1955e-15   4.6966e-02  -8.5811e-02   1.0982e-01  -1.1484e-01  -1.0000e-01   6.7872e-02  -2.4008e-02   2.4008e-02  -6.7872e-02   1.0000e-01  -1.1484e-01  -1.0982e-01  -8.5811e-02  -4.6966e-02   2.3063e-14  -4.6966e-02  -8.5811e-02   1.0982e-01  -1.1484e-01   1.0000e-01  -6.7872e-02   2.4008e-02   2.4008e-02   6.7872e-02   1.0000e-01  -1.1484e-01  -1.0982e-01  -8.5811e-02  -4.6966e-02   1.3301e-13  -4.6966e-02  -8.5811e-02  -1.0982e-01   1.1484e-01  -1.0000e-01  -6.7872e-02  -2.4008e-02   2.4008e-02  -6.7872e-02   1.0000e-01  -1.1484e-01  -1.0982e-01  -8.5811e-02   4.6966e-02  -5.5910e-14  -4.6966e-02   8.5811e-02   1.0982e-01   1.1484e-01   1.0000e-01  -6.7872e-02   2.4008e-02  -2.4008e-02   6.7872e-02   1.0000e-01  -1.1484e-01  -1.0982e-01  -8.5811e-02  -4.6966e-02
